date,time,open,high,low,close,volume,amount,settelementPrice,openInterest,preClose,suspendFlag,datetime
20200102,1577894400000,3.4699999999999998,3.58,3.44,3.57,96500,33993202.0,0.0,15,3.44,0,2020-01-01 16:00:00
20200103,1577980800000,3.56,3.58,3.49,3.56,78302,27627805.0,0.0,15,3.5700000000000003,0,2020-01-02 16:00:00
20200106,1578240000000,3.53,3.65,3.5,3.62,114431,40799173.99999999,0.0,15,3.56,0,2020-01-05 16:00:00
20200107,1578326400000,3.57,3.6,3.56,3.59,58233,20837909.000000004,0.0,15,3.62,0,2020-01-06 16:00:00
20200108,1578412800000,3.6,3.64,3.52,3.53,59713,21300357.0,0.0,15,3.59,0,2020-01-07 16:00:00
20200109,1578499200000,3.55,3.56,3.52,3.54,43045,15217967.999999998,0.0,15,3.53,0,2020-01-08 16:00:00
20200110,1578585600000,3.54,3.6,3.5300000000000002,3.56,33779,12038190.000000002,0.0,15,3.54,0,2020-01-09 16:00:00
20200113,1578844800000,3.56,3.56,3.5,3.55,29606,10433387.0,0.0,15,3.56,0,2020-01-12 16:00:00
20200114,1578931200000,3.53,3.56,3.52,3.53,26888,9507794.0,0.0,15,3.55,0,2020-01-13 16:00:00
20200115,1579017600000,3.53,3.53,3.46,3.48,29266,10219506.000000002,0.0,15,3.53,0,2020-01-14 16:00:00
20200116,1579104000000,3.49,3.5100000000000002,3.45,3.46,22017,7658555.0,0.0,15,3.48,0,2020-01-15 16:00:00
20200117,1579190400000,3.47,3.5,3.45,3.45,17412,6039419.0,0.0,15,3.46,0,2020-01-16 16:00:00
20200120,1579449600000,3.45,3.48,3.43,3.46,21030,7258255.0,0.0,15,3.45,0,2020-01-19 16:00:00
20200121,1579536000000,3.47,3.48,3.41,3.42,31426,10808558.0,0.0,15,3.46,0,2020-01-20 16:00:00
20200122,1579622400000,3.4099999999999997,3.4299999999999997,3.36,3.4299999999999997,26413,8983067.0,0.0,15,3.42,0,2020-01-21 16:00:00
20200123,1579708800000,3.41,3.43,3.31,3.35,40095,13489612.999999998,0.0,15,3.43,0,2020-01-22 16:00:00
20200203,1580659200000,3.02,3.02,3.02,3.02,23628,7135656.0,0.0,15,3.35,0,2020-02-02 16:00:00
20200204,1580745600000,2.84,2.9899999999999998,2.84,2.9099999999999997,90292,26206679.000000004,0.0,15,3.02,0,2020-02-03 16:00:00
20200205,1580832000000,2.92,2.99,2.89,2.94,58189,17137375.0,0.0,15,2.91,0,2020-02-04 16:00:00
20200206,1580918400000,2.93,2.99,2.91,2.97,50560,14932611.0,0.0,15,2.94,0,2020-02-05 16:00:00
20200207,1581004800000,2.96,3.0,2.93,3.0,58188,17244510.0,0.0,15,2.97,0,2020-02-06 16:00:00
20200210,1581264000000,2.97,3.0500000000000003,2.97,3.04,46598,14068317.0,0.0,15,3.0,0,2020-02-09 16:00:00
20200211,1581350400000,3.05,3.06,3.02,3.03,43335,13184389.0,0.0,15,3.04,0,2020-02-10 16:00:00
20200212,1581436800000,3.04,3.06,3.02,3.05,26697,8110704.000000001,0.0,15,3.03,0,2020-02-11 16:00:00
20200213,1581523200000,3.05,3.06,3.0,3.01,40654,12289904.000000002,0.0,15,3.05,0,2020-02-12 16:00:00
20200214,1581609600000,3.0100000000000002,3.02,2.99,3.0,30215,9069809.000000002,0.0,15,3.0100000000000002,0,2020-02-13 16:00:00
20200217,1581868800000,3.0,3.08,3.0,3.07,62918,19146161.000000004,0.0,15,3.0,0,2020-02-16 16:00:00
20200218,1581955200000,3.0700000000000003,3.12,3.0700000000000003,3.1100000000000003,50893,15755825.000000002,0.0,15,3.0700000000000003,0,2020-02-17 16:00:00
20200219,1582041600000,3.11,3.13,3.09,3.0999999999999996,43517,13526194.000000002,0.0,15,3.11,0,2020-02-18 16:00:00
20200220,1582128000000,3.12,3.16,3.1,3.16,55799,17448042.0,0.0,15,3.1,0,2020-02-19 16:00:00
20200221,1582214400000,3.1799999999999997,3.19,3.15,3.1599999999999997,64070,20260137.000000004,0.0,15,3.1599999999999997,0,2020-02-20 16:00:00
20200224,1582473600000,3.16,3.18,3.12,3.17,52540,16548542.999999998,0.0,15,3.16,0,2020-02-23 16:00:00
20200225,1582560000000,3.12,3.1300000000000003,3.0500000000000003,3.1100000000000003,67167,20793113.999999996,0.0,15,3.1700000000000004,0,2020-02-24 16:00:00
20200226,1582646400000,3.0700000000000003,3.2100000000000004,3.0500000000000003,3.1500000000000004,84100,26410232.0,0.0,15,3.1100000000000003,0,2020-02-25 16:00:00
20200227,1582732800000,3.16,3.2,3.14,3.16,59090,18700444.0,0.0,15,3.15,0,2020-02-26 16:00:00
20200228,1582819200000,3.13,3.16,3.06,3.07,74641,23152440.0,0.0,15,3.16,0,2020-02-27 16:00:00
20200302,1583078400000,3.0700000000000003,3.1700000000000004,3.0700000000000003,3.16,48985,15383413.0,0.0,15,3.0700000000000003,0,2020-03-01 16:00:00
20200303,1583164800000,3.17,3.21,3.15,3.1599999999999997,59397,18904371.0,0.0,15,3.1599999999999997,0,2020-03-02 16:00:00
20200304,1583251200000,3.16,3.24,3.14,3.24,73348,23460462.0,0.0,15,3.16,0,2020-03-03 16:00:00
20200305,1583337600000,3.23,3.28,3.21,3.27,80211,26061787.0,0.0,15,3.2399999999999998,0,2020-03-04 16:00:00
20200306,1583424000000,3.25,3.3600000000000003,3.24,3.3000000000000003,97175,32230418.0,0.0,15,3.27,0,2020-03-05 16:00:00
20200309,1583683200000,3.27,3.31,3.2,3.2,71057,23033463.0,0.0,15,3.3000000000000003,0,2020-03-08 16:00:00
20200310,1583769600000,3.13,3.23,3.12,3.23,64395,20421295.0,0.0,15,3.2,0,2020-03-09 16:00:00
20200311,1583856000000,3.23,3.28,3.21,3.21,50247,16315920.000000002,0.0,15,3.23,0,2020-03-10 16:00:00
20200312,1583942400000,3.22,3.22,3.14,3.16,38649,12255122.0,0.0,15,3.21,0,2020-03-11 16:00:00
20200313,1584028800000,3.05,3.13,3.02,3.12,65997,20282791.0,0.0,15,3.16,0,2020-03-12 16:00:00
20200316,1584288000000,3.13,3.22,3.06,3.1,61160,19236058.0,0.0,15,3.12,0,2020-03-15 16:00:00
20200317,1584374400000,3.08,3.12,2.99,3.0700000000000003,51130,15601819.000000002,0.0,15,3.1,0,2020-03-16 16:00:00
20200318,1584460800000,3.08,3.16,3.0500000000000003,3.0500000000000003,45394,14093944.0,0.0,15,3.0700000000000003,0,2020-03-17 16:00:00
20200319,1584547200000,3.0500000000000003,3.2300000000000004,3.0500000000000003,3.16,141361,44611677.0,0.0,15,3.0500000000000003,0,2020-03-18 16:00:00
20200320,1584633600000,3.12,3.18,3.0700000000000003,3.1500000000000004,89811,28017900.0,0.0,15,3.16,0,2020-03-19 16:00:00
20200323,1584892800000,3.09,3.1,2.98,3.0,67011,20400461.0,0.0,15,3.15,0,2020-03-22 16:00:00
20200324,1584979200000,3.05,3.07,3.0,3.05,54253,16476185.999999998,0.0,15,3.0,0,2020-03-23 16:00:00
20200325,1585065600000,3.08,3.3600000000000003,3.08,3.3600000000000003,245199,81741683.00000001,0.0,15,3.0500000000000003,0,2020-03-24 16:00:00
20200326,1585152000000,3.4,3.5,3.29,3.29,404803,137731050.0,0.0,15,3.36,0,2020-03-25 16:00:00
20200327,1585238400000,3.37,3.41,3.29,3.3,229702,76775026.0,0.0,15,3.29,0,2020-03-26 16:00:00
20200330,1585497600000,3.25,3.2800000000000002,3.18,3.21,129149,41673857.0,0.0,15,3.3000000000000003,0,2020-03-29 16:00:00
20200331,1585584000000,3.23,3.27,3.13,3.1599999999999997,122981,39291050.0,0.0,15,3.21,0,2020-03-30 16:00:00
20200401,1585670400000,3.14,3.16,3.08,3.11,97052,30264992.0,0.0,15,3.16,0,2020-03-31 16:00:00
20200402,1585756800000,3.08,3.1300000000000003,3.0500000000000003,3.12,77924,24054123.0,0.0,15,3.1100000000000003,0,2020-04-01 16:00:00
20200403,1585843200000,3.1,3.12,3.0500000000000003,3.08,80702,24847780.0,0.0,15,3.12,0,2020-04-02 16:00:00
20200407,1586188800000,3.1199999999999997,3.23,3.09,3.17,134868,42513689.0,0.0,15,3.08,0,2020-04-06 16:00:00
20200408,1586275200000,3.1399999999999997,3.4299999999999997,3.13,3.38,284418,94473584.0,0.0,15,3.17,0,2020-04-07 16:00:00
20200409,1586361600000,3.36,3.45,3.31,3.34,169169,56818954.0,0.0,15,3.38,0,2020-04-08 16:00:00
20200410,1586448000000,3.35,3.4000000000000004,3.24,3.24,119195,39343231.0,0.0,15,3.3400000000000003,0,2020-04-09 16:00:00
20200413,1586707200000,3.24,3.29,3.2,3.24,76779,24901856.0,0.0,15,3.24,0,2020-04-12 16:00:00
20200414,1586793600000,3.24,3.43,3.24,3.37,160569,53866494.0,0.0,15,3.24,0,2020-04-13 16:00:00
20200415,1586880000000,3.3200000000000003,3.5400000000000005,3.3200000000000003,3.4400000000000004,217821,75012770.0,0.0,15,3.37,0,2020-04-14 16:00:00
20200416,1586966400000,3.44,3.56,3.36,3.46,228127,79063922.0,0.0,15,3.44,0,2020-04-15 16:00:00
20200417,1587052800000,3.44,3.5100000000000002,3.31,3.38,180844,60841457.0,0.0,15,3.46,0,2020-04-16 16:00:00
20200420,1587312000000,3.35,3.41,3.2800000000000002,3.35,121125,40490428.0,0.0,15,3.3800000000000003,0,2020-04-19 16:00:00
20200421,1587398400000,3.32,3.33,3.27,3.29,60961,20066254.0,0.0,15,3.35,0,2020-04-20 16:00:00
20200422,1587484800000,3.28,3.43,3.27,3.43,133946,44988605.0,0.0,15,3.29,0,2020-04-21 16:00:00
20200423,1587571200000,3.4200000000000004,3.47,3.3200000000000003,3.37,174702,59556580.0,0.0,15,3.43,0,2020-04-22 16:00:00
20200424,1587657600000,3.35,3.3600000000000003,3.24,3.25,94425,31024313.0,0.0,15,3.37,0,2020-04-23 16:00:00
20200427,1587916800000,3.25,3.28,3.21,3.2199999999999998,53573,17407817.0,0.0,15,3.25,0,2020-04-26 16:00:00
20200428,1588003200000,3.24,3.25,3.0100000000000002,3.0900000000000003,110159,34223248.99999999,0.0,15,3.22,0,2020-04-27 16:00:00
20200429,1588089600000,3.1,3.1300000000000003,3.0700000000000003,3.08,39799,12315239.0,0.0,15,3.0900000000000003,0,2020-04-28 16:00:00
20200430,1588176000000,3.08,3.1500000000000004,3.0700000000000003,3.14,42850,13388862.0,0.0,15,3.08,0,2020-04-29 16:00:00
20200506,1588694400000,3.1,3.16,3.08,3.15,29922,9350795.0,0.0,15,3.14,0,2020-05-05 16:00:00
20200507,1588780800000,3.15,3.16,3.12,3.15,25140,7899934.000000001,0.0,15,3.15,0,2020-05-06 16:00:00
20200508,1588867200000,3.16,3.18,3.14,3.17,33438,10561557.0,0.0,15,3.15,0,2020-05-07 16:00:00
20200511,1589126400000,3.17,3.19,3.14,3.16,32733,10353693.999999998,0.0,15,3.17,0,2020-05-10 16:00:00
20200512,1589212800000,3.1399999999999997,3.17,3.11,3.1399999999999997,21069,6606700.0,0.0,15,3.1599999999999997,0,2020-05-11 16:00:00
20200513,1589299200000,3.13,3.16,3.1,3.15,23819,7481212.0,0.0,15,3.14,0,2020-05-12 16:00:00
20200514,1589385600000,3.16,3.17,3.14,3.15,21599,6807552.0,0.0,15,3.15,0,2020-05-13 16:00:00
20200515,1589472000000,3.15,3.21,3.15,3.1799999999999997,33261,10562695.0,0.0,15,3.15,0,2020-05-14 16:00:00
20200518,1589731200000,3.1799999999999997,3.23,3.15,3.2199999999999998,46645,14918267.0,0.0,15,3.1799999999999997,0,2020-05-17 16:00:00
20200519,1589817600000,3.24,3.2600000000000002,3.2,3.22,42291,13645198.0,0.0,15,3.22,0,2020-05-18 16:00:00
20200520,1589904000000,3.22,3.27,3.2,3.23,51598,16649611.0,0.0,15,3.22,0,2020-05-19 16:00:00
20200521,1589990400000,3.25,3.42,3.23,3.29,152954,51070320.0,0.0,15,3.23,0,2020-05-20 16:00:00
20200522,1590076800000,3.27,3.35,3.25,3.3,90940,29970325.0,0.0,15,3.29,0,2020-05-21 16:00:00
20200525,1590336000000,3.29,3.39,3.29,3.35,75528,25167577.0,0.0,15,3.3,0,2020-05-24 16:00:00
20200526,1590422400000,3.3400000000000003,3.4400000000000004,3.3200000000000003,3.4200000000000004,125180,42370340.0,0.0,15,3.35,0,2020-05-25 16:00:00
20200527,1590508800000,3.4,3.54,3.39,3.45,171616,59646639.0,0.0,15,3.42,0,2020-05-26 16:00:00
20200528,1590595200000,3.47,3.49,3.37,3.44,101644,34814202.00000001,0.0,15,3.45,0,2020-05-27 16:00:00
20200529,1590681600000,3.44,3.56,3.39,3.5300000000000002,131267,46066301.00000001,0.0,15,3.44,0,2020-05-28 16:00:00
20200615,1592150400000,3.88,3.88,3.88,3.88,16161,6270317.000000001,0.0,15,3.53,0,2020-06-14 16:00:00
20200616,1592236800000,4.2700000000000005,4.2700000000000005,4.2700000000000005,4.2700000000000005,27858,11895191.0,0.0,15,3.8800000000000003,0,2020-06-15 16:00:00
20200617,1592323200000,4.7,4.7,4.7,4.7,29489,13859924.0,0.0,15,4.2700000000000005,0,2020-06-16 16:00:00
20200618,1592409600000,5.17,5.17,5.17,5.17,49323,25500141.0,0.0,15,4.7,0,2020-06-17 16:00:00
20200619,1592496000000,4.970000000000001,4.970000000000001,4.65,4.65,914464,433079389.0,0.0,15,5.17,0,2020-06-18 16:00:00
20200622,1592755200000,4.45,4.54,4.19,4.220000000000001,708122,306672945.0,0.0,15,4.65,0,2020-06-21 16:00:00
20200623,1592841600000,4.17,4.26,4.12,4.19,360972,151105791.00000003,0.0,15,4.22,0,2020-06-22 16:00:00
20200624,1592928000000,4.16,4.2,3.96,3.9899999999999998,315492,127375423.0,0.0,15,4.19,0,2020-06-23 16:00:00
20200629,1593360000000,3.9899999999999998,4.02,3.9,3.96,178861,70810291.0,0.0,15,3.9899999999999998,0,2020-06-28 16:00:00
20200630,1593446400000,3.98,4.08,3.97,4.03,243509,97922925.0,0.0,15,3.9600000000000004,0,2020-06-29 16:00:00
20200701,1593532800000,4.01,4.08,3.97,4.05,198361,79806959.00000001,0.0,15,4.03,0,2020-06-30 16:00:00
20200702,1593619200000,4.04,4.13,4.01,4.09,220435,89811963.0,0.0,15,4.05,0,2020-07-01 16:00:00
20200703,1593705600000,4.06,4.13,4.04,4.11,177991,72899342.0,0.0,15,4.09,0,2020-07-02 16:00:00
20200706,1593964800000,4.13,4.260000000000001,4.11,4.260000000000001,252360,105856143.0,0.0,15,4.11,0,2020-07-05 16:00:00
20200707,1594051200000,4.28,4.3100000000000005,4.2,4.24,279414,118693400.99999999,0.0,15,4.26,0,2020-07-06 16:00:00
20200708,1594137600000,4.21,4.37,4.17,4.32,247360,105845032.0,0.0,15,4.24,0,2020-07-07 16:00:00
20200709,1594224000000,4.3,4.75,4.3,4.75,552294,258129621.00000003,0.0,15,4.319999999999999,0,2020-07-08 16:00:00
20200710,1594310400000,4.7,4.88,4.58,4.67,523316,245825983.0,0.0,15,4.75,0,2020-07-09 16:00:00
20200713,1594569600000,4.7,4.86,4.63,4.77,282573,133931092.0,0.0,15,4.67,0,2020-07-12 16:00:00
20200714,1594656000000,4.79,5.12,4.72,4.91,411286,203734554.99999997,0.0,15,4.77,0,2020-07-13 16:00:00
20200715,1594742400000,4.88,4.93,4.47,4.47,322626,150137115.0,0.0,15,4.89,0,2020-07-14 16:00:00
20200716,1594828800000,4.53,4.61,4.2700000000000005,4.28,187355,83495801.0,0.0,15,4.470000000000001,0,2020-07-15 16:00:00
20200717,1594915200000,4.26,4.319999999999999,4.18,4.21,127338,54050957.00000001,0.0,15,4.279999999999999,0,2020-07-16 16:00:00
20200720,1595174400000,4.21,4.36,4.2,4.3500000000000005,103901,44581175.0,0.0,15,4.21,0,2020-07-19 16:00:00
20200721,1595260800000,4.32,4.390000000000001,4.2700000000000005,4.3100000000000005,95305,41212108.0,0.0,15,4.3500000000000005,0,2020-07-20 16:00:00
20200722,1595347200000,4.3,4.39,4.29,4.32,96431,41831981.00000001,0.0,15,4.31,0,2020-07-21 16:00:00
20200723,1595433600000,4.29,4.3,4.12,4.25,127408,53655165.0,0.0,15,4.32,0,2020-07-22 16:00:00
20200724,1595520000000,4.25,4.27,4.05,4.08,110861,45965521.00000001,0.0,15,4.25,0,2020-07-23 16:00:00
20200727,1595779200000,4.09,4.28,3.97,4.180000000000001,157294,64757759.00000001,0.0,15,4.08,0,2020-07-26 16:00:00
20200728,1595865600000,4.2,4.22,4.05,4.1,93902,38741543.0,0.0,15,4.18,0,2020-07-27 16:00:00
20200729,1595952000000,4.1000000000000005,4.140000000000001,4.0200000000000005,4.140000000000001,71491,29363803.0,0.0,15,4.1000000000000005,0,2020-07-28 16:00:00
20200730,1596038400000,4.14,4.17,4.09,4.12,60920,25159205.0,0.0,15,4.14,0,2020-07-29 16:00:00
20200731,1596124800000,4.18,4.32,4.16,4.2,139427,58968862.0,0.0,15,4.12,0,2020-07-30 16:00:00
20200803,1596384000000,4.1899999999999995,4.25,4.17,4.24,124423,52373595.0,0.0,15,4.2,0,2020-08-02 16:00:00
20200804,1596470400000,4.239999999999999,4.25,4.14,4.159999999999999,99524,41514706.0,0.0,15,4.239999999999999,0,2020-08-03 16:00:00
20200805,1596556800000,4.15,4.180000000000001,4.11,4.16,76214,31574891.0,0.0,15,4.16,0,2020-08-04 16:00:00
20200806,1596643200000,4.17,4.1899999999999995,4.09,4.16,96786,40045407.0,0.0,15,4.16,0,2020-08-05 16:00:00
20200807,1596729600000,4.1499999999999995,4.2,4.05,4.1,93733,38673275.0,0.0,15,4.16,0,2020-08-06 16:00:00
20200810,1596988800000,4.1,4.2,4.05,4.2,111909,46255168.0,0.0,15,4.1,0,2020-08-09 16:00:00
20200811,1597075200000,4.21,4.220000000000001,4.11,4.15,100049,41714268.0,0.0,15,4.2,0,2020-08-10 16:00:00
20200812,1597161600000,4.18,4.18,4.09,4.17,75196,31037982.0,0.0,15,4.1499999999999995,0,2020-08-11 16:00:00
20200813,1597248000000,4.18,4.1899999999999995,4.14,4.17,72102,30071784.0,0.0,15,4.17,0,2020-08-12 16:00:00
20200814,1597334400000,4.14,4.17,4.12,4.16,44826,18585855.0,0.0,15,4.17,0,2020-08-13 16:00:00
20200817,1597593600000,4.159999999999999,4.21,4.14,4.21,71996,30135253.000000004,0.0,15,4.159999999999999,0,2020-08-16 16:00:00
20200818,1597680000000,4.13,4.18,4.08,4.17,178395,73669230.0,0.0,15,4.21,0,2020-08-17 16:00:00
20200819,1597766400000,4.1499999999999995,4.1899999999999995,4.1,4.18,115549,47842305.0,0.0,15,4.17,0,2020-08-18 16:00:00
20200820,1597852800000,4.16,4.22,4.13,4.2,128699,53785325.0,0.0,15,4.18,0,2020-08-19 16:00:00
20200821,1597939200000,4.18,4.2,4.13,4.14,104182,43457920.0,0.0,15,4.2,0,2020-08-20 16:00:00
20200824,1598198400000,4.16,4.16,4.0,4.1,123450,50113194.0,0.0,15,4.14,0,2020-08-23 16:00:00
20200825,1598284800000,4.1000000000000005,4.11,4.03,4.11,80157,32614525.000000004,0.0,15,4.1000000000000005,0,2020-08-24 16:00:00
20200826,1598371200000,4.08,4.090000000000001,4.0200000000000005,4.0200000000000005,48556,19670656.0,0.0,15,4.11,0,2020-08-25 16:00:00
20200827,1598457600000,4.03,4.04,3.98,4.02,52422,21036121.0,0.0,15,4.02,0,2020-08-26 16:00:00
20200828,1598544000000,4.04,4.05,3.97,4.03,51723,20708111.0,0.0,15,4.0200000000000005,0,2020-08-27 16:00:00
20200831,1598803200000,4.0200000000000005,4.04,3.97,3.99,50910,20423698.0,0.0,15,4.03,0,2020-08-30 16:00:00
20200901,1598889600000,3.9899999999999998,3.9899999999999998,3.9,3.94,80022,31455887.0,0.0,15,3.9899999999999998,0,2020-08-31 16:00:00
20200902,1598976000000,3.9299999999999997,3.94,3.9,3.92,43664,17112388.0,0.0,15,3.94,0,2020-09-01 16:00:00
20200903,1599062400000,3.91,3.92,3.89,3.91,40284,15724157.0,0.0,15,3.92,0,2020-09-02 16:00:00
20200904,1599148800000,3.8899999999999997,3.9,3.84,3.88,30456,11776334.0,0.0,15,3.9099999999999997,0,2020-09-03 16:00:00
20200907,1599408000000,3.88,3.91,3.85,3.86,35263,13660581.0,0.0,15,3.88,0,2020-09-06 16:00:00
20200908,1599494400000,3.87,3.91,3.83,3.9,36605,14148724.0,0.0,15,3.86,0,2020-09-07 16:00:00
20200909,1599580800000,3.8699999999999997,3.9499999999999997,3.86,3.92,48816,19111882.0,0.0,15,3.9,0,2020-09-08 16:00:00
20200910,1599667200000,3.96,3.96,3.81,3.86,62894,24435206.0,0.0,15,3.92,0,2020-09-09 16:00:00
20200911,1599753600000,3.85,3.87,3.8200000000000003,3.8600000000000003,24387,9368165.0,0.0,15,3.8600000000000003,0,2020-09-10 16:00:00
20200914,1600012800000,3.86,3.8699999999999997,3.84,3.8699999999999997,23492,9055711.0,0.0,15,3.86,0,2020-09-13 16:00:00
20200915,1600099200000,3.8600000000000003,3.87,3.8200000000000003,3.85,22688,8713638.0,0.0,15,3.87,0,2020-09-14 16:00:00
20200916,1600185600000,3.84,3.98,3.84,3.9299999999999997,73606,28886188.0,0.0,15,3.8499999999999996,0,2020-09-15 16:00:00
20200917,1600272000000,3.9299999999999997,3.96,3.9,3.9299999999999997,26725,10506538.0,0.0,15,3.9299999999999997,0,2020-09-16 16:00:00
20200918,1600358400000,3.92,4.07,3.91,4.07,94706,38019325.0,0.0,15,3.93,0,2020-09-17 16:00:00
20200921,1600617600000,4.07,4.16,4.04,4.09,89060,36700548.0,0.0,15,4.07,0,2020-09-20 16:00:00
20200922,1600704000000,4.08,4.08,4.01,4.02,46329,18709250.0,0.0,15,4.09,0,2020-09-21 16:00:00
20200923,1600790400000,4.0200000000000005,4.05,3.99,4.01,21739,8721391.0,0.0,15,4.0200000000000005,0,2020-09-22 16:00:00
20200924,1600876800000,4.0,4.01,3.89,3.93,33435,13193936.000000002,0.0,15,4.01,0,2020-09-23 16:00:00
20200925,1600963200000,3.9299999999999997,4.12,3.88,4.11,98228,39633211.0,0.0,15,3.9299999999999997,0,2020-09-24 16:00:00
20200928,1601222400000,4.09,4.16,4.0,4.03,48182,19609724.0,0.0,15,4.11,0,2020-09-27 16:00:00
20200929,1601308800000,4.03,4.07,3.98,4.02,27833,11173323.0,0.0,15,4.03,0,2020-09-28 16:00:00
20200930,1601395200000,3.99,4.04,3.95,4.03,39186,15695404.000000002,0.0,15,4.0200000000000005,0,2020-09-29 16:00:00
20201009,1602172800000,4.050000000000001,4.08,4.0200000000000005,4.050000000000001,33902,13732787.999999998,0.0,15,4.03,0,2020-10-08 16:00:00
20201012,1602432000000,4.04,4.1000000000000005,4.0200000000000005,4.090000000000001,49472,20147819.000000004,0.0,15,4.050000000000001,0,2020-10-11 16:00:00
20201013,1602518400000,4.1,4.11,4.04,4.1,45176,18412206.0,0.0,15,4.09,0,2020-10-12 16:00:00
20201014,1602604800000,4.09,4.09,4.04,4.05,22219,9023852.0,0.0,15,4.1,0,2020-10-13 16:00:00
20201015,1602691200000,4.050000000000001,4.170000000000001,4.0200000000000005,4.130000000000001,78133,32142318.000000004,0.0,15,4.050000000000001,0,2020-10-14 16:00:00
20201016,1602777600000,4.13,4.1499999999999995,4.09,4.1,24390,10028353.0,0.0,15,4.13,0,2020-10-15 16:00:00
20201019,1603036800000,4.1000000000000005,4.11,4.03,4.05,27723,11274463.0,0.0,15,4.1000000000000005,0,2020-10-18 16:00:00
20201020,1603123200000,4.05,4.09,4.03,4.0600000000000005,16146,6556136.000000001,0.0,15,4.05,0,2020-10-19 16:00:00
20201021,1603209600000,4.07,4.08,4.03,4.04,21290,8613867.0,0.0,15,4.0600000000000005,0,2020-10-20 16:00:00
20201022,1603296000000,4.01,4.05,3.97,3.99,36858,14775745.0,0.0,15,4.04,0,2020-10-21 16:00:00
20201023,1603382400000,3.99,4.03,3.99,4.0,17195,6888945.000000001,0.0,15,3.99,0,2020-10-22 16:00:00
20201026,1603641600000,3.9699999999999998,3.9899999999999998,3.94,3.96,17743,7034427.0,0.0,15,4.0,0,2020-10-25 16:00:00
20201027,1603728000000,3.96,4.06,3.96,4.03,25919,10425889.0,0.0,15,3.96,0,2020-10-26 16:00:00
20201028,1603814400000,4.029999999999999,4.069999999999999,4.01,4.04,27668,11199148.0,0.0,15,4.029999999999999,0,2020-10-27 16:00:00
20201029,1603900800000,4.02,4.06,4.01,4.02,18380,7419763.0,0.0,15,4.04,0,2020-10-28 16:00:00
20201030,1603987200000,4.01,4.05,3.98,4.01,38956,15620814.0,0.0,15,4.02,0,2020-10-29 16:00:00
20201102,1604246400000,3.98,4.04,3.97,3.98,31123,12448875.000000002,0.0,15,4.01,0,2020-11-01 16:00:00
20201103,1604332800000,3.98,4.03,3.97,4.0200000000000005,17061,6841474.000000001,0.0,15,3.98,0,2020-11-02 16:00:00
20201104,1604419200000,4.01,4.08,4.0,4.05,27662,11194942.0,0.0,15,4.02,0,2020-11-03 16:00:00
20201105,1604505600000,4.050000000000001,4.090000000000001,4.0200000000000005,4.0600000000000005,29851,12103856.0,0.0,15,4.050000000000001,0,2020-11-04 16:00:00
20201106,1604592000000,4.07,4.08,4.03,4.05,32715,13281449.0,0.0,15,4.0600000000000005,0,2020-11-05 16:00:00
20201109,1604851200000,4.07,4.14,4.04,4.12,51627,21166174.0,0.0,15,4.05,0,2020-11-08 16:00:00
20201110,1604937600000,4.1,4.13,4.04,4.06,40781,16597939.0,0.0,15,4.12,0,2020-11-09 16:00:00
20201111,1605024000000,4.0600000000000005,4.0600000000000005,4.03,4.03,17029,6881699.999999999,0.0,15,4.0600000000000005,0,2020-11-10 16:00:00
20201112,1605110400000,4.04,4.0600000000000005,4.0200000000000005,4.04,13990,5651707.0,0.0,15,4.03,0,2020-11-11 16:00:00
20201113,1605196800000,4.02,4.06,4.01,4.04,15190,6120065.0,0.0,15,4.04,0,2020-11-12 16:00:00
20201116,1605456000000,4.03,4.06,4.0,4.06,26545,10706186.0,0.0,15,4.04,0,2020-11-15 16:00:00
20201117,1605542400000,4.05,4.05,4.0,4.02,29079,11691056.0,0.0,15,4.06,0,2020-11-16 16:00:00
20201118,1605628800000,4.02,4.04,4.01,4.029999999999999,19131,7693679.0,0.0,15,4.02,0,2020-11-17 16:00:00
20201119,1605715200000,4.01,4.05,4.01,4.029999999999999,22511,9067742.0,0.0,15,4.029999999999999,0,2020-11-18 16:00:00
20201120,1605801600000,4.02,4.04,4.01,4.029999999999999,16005,6433594.000000001,0.0,15,4.029999999999999,0,2020-11-19 16:00:00
20201123,1606060800000,4.01,4.05,4.01,4.029999999999999,24507,9883765.0,0.0,15,4.029999999999999,0,2020-11-22 16:00:00
20201124,1606147200000,4.029999999999999,4.04,4.01,4.02,17929,7203560.0,0.0,15,4.029999999999999,0,2020-11-23 16:00:00
20201125,1606233600000,4.02,4.03,3.98,3.98,20560,8231145.0,0.0,15,4.02,0,2020-11-24 16:00:00
20201126,1606320000000,3.98,4.0,3.97,3.99,13608,5424944.0,0.0,15,3.98,0,2020-11-25 16:00:00
20201127,1606406400000,3.98,4.0,3.96,4.0,19343,7693477.0,0.0,15,3.9899999999999998,0,2020-11-26 16:00:00
20201130,1606665600000,4.0,4.0,3.96,3.98,25249,10042334.0,0.0,15,4.0,0,2020-11-29 16:00:00
20201201,1606752000000,3.9699999999999998,3.9899999999999998,3.96,3.9899999999999998,15059,5981105.0,0.0,15,3.98,0,2020-11-30 16:00:00
20201202,1606838400000,3.99,3.99,3.95,3.97,14118,5604610.000000001,0.0,15,3.99,0,2020-12-01 16:00:00
20201203,1606924800000,3.97,4.0,3.95,3.98,22508,8936836.0,0.0,15,3.97,0,2020-12-02 16:00:00
20201204,1607011200000,3.99,3.99,3.93,3.95,22636,8941287.0,0.0,15,3.98,0,2020-12-03 16:00:00
20201207,1607270400000,3.94,3.9499999999999997,3.92,3.92,17118,6731884.000000001,0.0,15,3.9499999999999997,0,2020-12-06 16:00:00
20201208,1607356800000,3.92,3.94,3.91,3.93,11203,4401546.0,0.0,15,3.92,0,2020-12-07 16:00:00
20201209,1607443200000,3.91,3.92,3.85,3.87,35650,13860314.0,0.0,15,3.93,0,2020-12-08 16:00:00
20201210,1607529600000,3.86,3.9,3.86,3.8699999999999997,11217,4346652.0,0.0,15,3.8699999999999997,0,2020-12-09 16:00:00
20201211,1607616000000,3.87,3.9000000000000004,3.7800000000000002,3.8000000000000003,26218,10004951.0,0.0,15,3.87,0,2020-12-10 16:00:00
20201214,1607875200000,3.8000000000000003,3.8200000000000003,3.7800000000000002,3.79,15972,6071951.0,0.0,15,3.8000000000000003,0,2020-12-13 16:00:00
20201215,1607961600000,3.79,3.81,3.73,3.79,16080,6072371.0,0.0,15,3.79,0,2020-12-14 16:00:00
20201216,1608048000000,3.79,3.79,3.73,3.73,11426,4286323.000000001,0.0,15,3.79,0,2020-12-15 16:00:00
20201217,1608134400000,3.72,3.75,3.68,3.74,17476,6488653.0,0.0,15,3.73,0,2020-12-16 16:00:00
20201218,1608220800000,3.7399999999999998,3.75,3.69,3.71,17144,6361362.0,0.0,15,3.7399999999999998,0,2020-12-17 16:00:00
20201221,1608480000000,3.6999999999999997,3.85,3.67,3.85,36702,13845492.999999998,0.0,15,3.71,0,2020-12-20 16:00:00
20201222,1608566400000,3.84,3.89,3.79,3.8,23998,9247090.0,0.0,15,3.85,0,2020-12-21 16:00:00
20201223,1608652800000,3.8,3.84,3.77,3.79,21447,8149713.0,0.0,15,3.8,0,2020-12-22 16:00:00
20201224,1608739200000,3.8200000000000003,3.8200000000000003,3.68,3.69,17683,6591134.000000001,0.0,15,3.79,0,2020-12-23 16:00:00
20201225,1608825600000,3.69,3.75,3.65,3.71,34971,12889768.0,0.0,15,3.69,0,2020-12-24 16:00:00
20201228,1609084800000,3.71,3.71,3.64,3.64,24123,8839714.000000002,0.0,15,3.71,0,2020-12-27 16:00:00
20201229,1609171200000,3.6199999999999997,3.6599999999999997,3.61,3.6399999999999997,17003,6183372.0,0.0,15,3.6399999999999997,0,2020-12-28 16:00:00
20201230,1609257600000,3.6399999999999997,3.65,3.61,3.6199999999999997,15594,5663538.0,0.0,15,3.6399999999999997,0,2020-12-29 16:00:00
20201231,1609344000000,3.6199999999999997,3.69,3.61,3.67,17015,6239067.0,0.0,15,3.6199999999999997,0,2020-12-30 16:00:00
