date,time,open,high,low,close,volume,amount,settelementPrice,openInterest,preClose,suspendFlag,datetime
20200102,1577894400000,11.87,12.149999999999999,11.86,12.11,108766,131126023.00000001,0.0,15,11.83,0,2020-01-01 16:00:00
20200103,1577980800000,12.12,12.41,12.02,12.33,105699,129065595.0,0.0,15,12.11,0,2020-01-02 16:00:00
20200106,1578240000000,12.3,12.38,12.07,12.18,97115,118642597.0,0.0,15,12.33,0,2020-01-05 16:00:00
20200107,1578326400000,12.200000000000001,12.740000000000002,12.200000000000001,12.580000000000002,129762,162369943.00000003,0.0,15,12.180000000000001,0,2020-01-06 16:00:00
20200108,1578412800000,12.48,12.63,12.200000000000001,12.24,85627,106126166.0,0.0,15,12.580000000000002,0,2020-01-07 16:00:00
20200109,1578499200000,12.3,12.440000000000001,12.120000000000001,12.280000000000001,63096,77372029.00000001,0.0,15,12.24,0,2020-01-08 16:00:00
20200110,1578585600000,12.31,12.38,11.99,12.06,72829,88086053.0,0.0,15,12.28,0,2020-01-09 16:00:00
20200113,1578844800000,12.09,12.299999999999999,12.01,12.29,64300,78366456.0,0.0,15,12.06,0,2020-01-12 16:00:00
20200114,1578931200000,12.270000000000001,12.440000000000001,12.22,12.41,69092,85303147.0,0.0,15,12.290000000000001,0,2020-01-13 16:00:00
20200115,1579017600000,12.48,12.52,12.16,12.4,77194,95407217.0,0.0,15,12.41,0,2020-01-14 16:00:00
20200116,1579104000000,12.56,12.65,12.21,12.260000000000002,80237,99414171.0,0.0,15,12.4,0,2020-01-15 16:00:00
20200117,1579190400000,12.25,12.34,12.0,12.02,80679,97701811.0,0.0,15,12.26,0,2020-01-16 16:00:00
20200120,1579449600000,12.0,12.25,12.0,12.2,60055,72810887.00000001,0.0,15,12.02,0,2020-01-19 16:00:00
20200121,1579536000000,12.200000000000001,12.200000000000001,11.950000000000001,11.96,59714,71827620.99999999,0.0,15,12.200000000000001,0,2020-01-20 16:00:00
20200122,1579622400000,11.85,12.0,11.51,11.879999999999999,67010,78686629.0,0.0,15,11.959999999999999,0,2020-01-21 16:00:00
20200123,1579708800000,11.780000000000001,11.780000000000001,11.200000000000001,11.270000000000001,70757,81061704.0,0.0,15,11.88,0,2020-01-22 16:00:00
20200203,1580659200000,10.14,10.14,10.14,10.14,8444,8562216.0,0.0,15,11.270000000000001,0,2020-02-02 16:00:00
20200204,1580745600000,9.13,9.9,9.13,9.55,113851,109183257.0,0.0,15,10.14,0,2020-02-03 16:00:00
20200205,1580832000000,9.63,10.24,9.63,10.07,112937,113182464.0,0.0,15,9.55,0,2020-02-04 16:00:00
20200206,1580918400000,10.15,10.55,10.15,10.540000000000001,108824,113164842.0,0.0,15,10.07,0,2020-02-05 16:00:00
20200207,1581004800000,10.44,10.67,10.25,10.5,76193,79827928.0,0.0,15,10.54,0,2020-02-06 16:00:00
20200210,1581264000000,10.68,11.38,10.57,11.3,147243,163734922.0,0.0,15,10.5,0,2020-02-09 16:00:00
20200211,1581350400000,11.23,11.37,10.85,10.889999999999999,106878,117571237.99999999,0.0,15,11.299999999999999,0,2020-02-10 16:00:00
20200212,1581436800000,10.979999999999999,11.25,10.86,11.09,76438,84890834.0,0.0,15,10.889999999999999,0,2020-02-11 16:00:00
20200213,1581523200000,11.17,11.37,11.01,11.22,91431,102504571.00000001,0.0,15,11.09,0,2020-02-12 16:00:00
20200214,1581609600000,11.25,11.5,11.17,11.36,79324,90142826.0,0.0,15,11.22,0,2020-02-13 16:00:00
20200217,1581868800000,11.5,11.88,11.41,11.790000000000001,132346,154926499.0,0.0,15,11.36,0,2020-02-16 16:00:00
20200218,1581955200000,11.75,11.76,11.5,11.66,94297,109729285.0,0.0,15,11.79,0,2020-02-17 16:00:00
20200219,1582041600000,11.71,12.170000000000002,11.71,11.940000000000001,132604,158617243.0,0.0,15,11.66,0,2020-02-18 16:00:00
20200220,1582128000000,11.94,12.200000000000001,11.65,11.9,111025,131841462.0,0.0,15,11.94,0,2020-02-19 16:00:00
20200221,1582214400000,11.77,11.97,11.65,11.790000000000001,90825,107078199.0,0.0,15,11.9,0,2020-02-20 16:00:00
20200224,1582473600000,11.75,12.0,11.59,11.81,101192,118920267.0,0.0,15,11.79,0,2020-02-23 16:00:00
20200225,1582560000000,11.62,11.78,11.33,11.64,94402,109548706.99999999,0.0,15,11.81,0,2020-02-24 16:00:00
20200226,1582646400000,11.58,12.04,11.53,11.7,122413,144898031.0,0.0,15,11.639999999999999,0,2020-02-25 16:00:00
20200227,1582732800000,11.709999999999999,11.879999999999999,11.53,11.7,76394,89584526.0,0.0,15,11.7,0,2020-02-26 16:00:00
20200228,1582819200000,11.49,11.74,11.11,11.209999999999999,89463,101863576.99999999,0.0,15,11.7,0,2020-02-27 16:00:00
20200302,1583078400000,11.22,11.790000000000001,11.22,11.780000000000001,108326,125623251.99999999,0.0,15,11.21,0,2020-03-01 16:00:00
20200303,1583164800000,11.99,12.0,11.67,11.8,93894,111049373.00000001,0.0,15,11.78,0,2020-03-02 16:00:00
20200304,1583251200000,11.73,12.13,11.65,12.05,132984,158989061.0,0.0,15,11.8,0,2020-03-03 16:00:00
20200305,1583337600000,12.100000000000001,13.250000000000002,12.030000000000001,12.920000000000002,283066,359496734.99999994,0.0,15,12.05,0,2020-03-04 16:00:00
20200306,1583424000000,12.700000000000001,13.05,12.4,12.4,203201,256772926.0,0.0,15,12.92,0,2020-03-05 16:00:00
20200309,1583683200000,12.11,12.39,11.85,11.86,164339,198633030.0,0.0,15,12.4,0,2020-03-08 16:00:00
20200310,1583769600000,11.67,11.92,11.33,11.8,135092,157115237.0,0.0,15,11.86,0,2020-03-09 16:00:00
20200311,1583856000000,11.770000000000001,12.32,11.700000000000001,11.870000000000001,111901,134473989.0,0.0,15,11.8,0,2020-03-10 16:00:00
20200312,1583942400000,11.68,11.72,11.34,11.48,96260,110797788.0,0.0,15,11.87,0,2020-03-11 16:00:00
20200313,1584028800000,10.7,11.459999999999999,10.68,11.31,106967,118322796.00000001,0.0,15,11.48,0,2020-03-12 16:00:00
20200316,1584288000000,11.389999999999999,11.45,10.78,10.87,84905,94343640.00000001,0.0,15,11.309999999999999,0,2020-03-15 16:00:00
20200317,1584374400000,10.950000000000001,11.09,10.55,10.700000000000001,85819,92020817.00000001,0.0,15,10.870000000000001,0,2020-03-16 16:00:00
20200318,1584460800000,10.82,11.3,10.64,10.68,103564,113525464.00000001,0.0,15,10.700000000000001,0,2020-03-17 16:00:00
20200319,1584547200000,10.709999999999999,10.95,10.53,10.889999999999999,71697,77014464.00000001,0.0,15,10.68,0,2020-03-18 16:00:00
20200320,1584633600000,11.040000000000001,11.07,10.72,10.950000000000001,49124,53525171.00000001,0.0,15,10.89,0,2020-03-19 16:00:00
20200323,1584892800000,10.66,11.07,10.58,10.83,63336,69057277.0,0.0,15,10.95,0,2020-03-22 16:00:00
20200324,1584979200000,11.000000000000002,11.260000000000002,10.870000000000001,11.120000000000001,67937,75115212.0,0.0,15,10.830000000000002,0,2020-03-23 16:00:00
20200325,1585065600000,11.3,11.44,11.16,11.4,78585,88900259.00000001,0.0,15,11.120000000000001,0,2020-03-24 16:00:00
20200326,1585152000000,11.3,11.790000000000001,11.23,11.63,102589,119091770.0,0.0,15,11.4,0,2020-03-25 16:00:00
20200327,1585238400000,11.71,11.84,11.4,11.43,72269,83710108.0,0.0,15,11.63,0,2020-03-26 16:00:00
20200330,1585497600000,11.479999999999999,11.959999999999999,11.36,11.93,140175,165086401.0,0.0,15,11.43,0,2020-03-29 16:00:00
20200331,1585584000000,12.0,12.76,11.81,12.74,287163,357025927.00000006,0.0,15,11.93,0,2020-03-30 16:00:00
20200401,1585670400000,12.8,12.89,12.25,12.29,210923,263752309.0,0.0,15,12.74,0,2020-03-31 16:00:00
20200402,1585756800000,12.43,12.479999999999999,11.86,12.26,161937,196904737.00000003,0.0,15,12.29,0,2020-04-01 16:00:00
20200403,1585843200000,12.16,12.74,12.1,12.4,187238,233926336.0,0.0,15,12.26,0,2020-04-02 16:00:00
20200407,1586188800000,12.5,13.09,12.41,12.92,274938,353429992.0,0.0,15,12.4,0,2020-04-06 16:00:00
20200408,1586275200000,12.940000000000001,13.13,12.700000000000001,12.99,226976,294366425.0,0.0,15,12.920000000000002,0,2020-04-07 16:00:00
20200409,1586361600000,13.25,13.72,13.0,13.52,309046,414893885.0,0.0,15,12.99,0,2020-04-08 16:00:00
20200410,1586448000000,13.350000000000001,13.780000000000001,13.3,13.430000000000001,228264,309183051.0,0.0,15,13.520000000000001,0,2020-04-09 16:00:00
20200413,1586707200000,13.280000000000001,13.64,13.030000000000001,13.360000000000001,159983,213944007.0,0.0,15,13.430000000000001,0,2020-04-12 16:00:00
20200414,1586793600000,13.36,13.95,13.25,13.79,225031,308701806.0,0.0,15,13.36,0,2020-04-13 16:00:00
20200415,1586880000000,13.67,13.780000000000001,13.3,13.3,164465,221628351.0,0.0,15,13.790000000000001,0,2020-04-14 16:00:00
20200416,1586966400000,13.88,13.93,13.33,13.58,245872,335092376.00000006,0.0,15,13.3,0,2020-04-15 16:00:00
20200417,1587052800000,13.540000000000001,14.350000000000001,13.540000000000001,13.850000000000001,280704,390936724.0,0.0,15,13.58,0,2020-04-16 16:00:00
20200420,1587312000000,13.94,14.18,13.74,13.89,166763,231827652.0,0.0,15,13.85,0,2020-04-19 16:00:00
20200421,1587398400000,13.74,14.31,13.55,14.08,243323,341519135.0,0.0,15,13.89,0,2020-04-20 16:00:00
20200422,1587484800000,14.15,15.490000000000002,14.030000000000001,15.490000000000002,294387,442127790.0,0.0,15,14.080000000000002,0,2020-04-21 16:00:00
20200423,1587571200000,16.01,16.560000000000002,15.64,16.2,423797,679808164.0,0.0,15,15.49,0,2020-04-22 16:00:00
20200424,1587657600000,15.99,16.1,15.5,15.61,258970,408621167.00000006,0.0,15,16.2,0,2020-04-23 16:00:00
20200427,1587916800000,15.809999999999999,16.29,15.36,15.84,229539,364501422.0,0.0,15,15.61,0,2020-04-26 16:00:00
20200428,1588003200000,15.79,16.15,15.43,16.0,241755,382593967.0,0.0,15,15.84,0,2020-04-27 16:00:00
20200429,1588089600000,15.9,15.9,15.17,15.23,189080,292481029.0,0.0,15,16.0,0,2020-04-28 16:00:00
20200430,1588176000000,15.29,15.44,14.85,14.959999999999999,181354,272769076.0,0.0,15,15.23,0,2020-04-29 16:00:00
20200506,1588694400000,14.940000000000001,15.450000000000001,14.88,15.290000000000001,148695,225895777.0,0.0,15,14.96,0,2020-05-05 16:00:00
20200507,1588780800000,15.23,15.73,15.08,15.31,161439,248977086.0,0.0,15,15.290000000000001,0,2020-05-06 16:00:00
20200508,1588867200000,15.38,15.45,15.0,15.2,132564,201975460.00000003,0.0,15,15.31,0,2020-05-07 16:00:00
20200511,1589126400000,15.25,15.48,14.96,15.170000000000002,123542,187219352.0,0.0,15,15.200000000000001,0,2020-05-10 16:00:00
20200512,1589212800000,15.14,15.270000000000001,14.88,15.07,86656,130520451.00000001,0.0,15,15.17,0,2020-05-11 16:00:00
20200513,1589299200000,15.100000000000001,15.72,14.96,15.620000000000001,172831,266428923.99999997,0.0,15,15.07,0,2020-05-12 16:00:00
20200514,1589385600000,15.510000000000002,15.510000000000002,14.47,14.56,216774,322504835.00000006,0.0,15,15.620000000000001,0,2020-05-13 16:00:00
20200515,1589472000000,14.55,14.88,14.4,14.450000000000001,117953,172571047.0,0.0,15,14.56,0,2020-05-14 16:00:00
20200518,1589731200000,14.450000000000001,14.85,14.32,14.73,114129,167061411.0,0.0,15,14.450000000000001,0,2020-05-17 16:00:00
20200519,1589817600000,14.92,14.95,14.52,14.7,75347,110655106.0,0.0,15,14.73,0,2020-05-18 16:00:00
20200520,1589904000000,14.67,14.729999999999999,14.36,14.559999999999999,83631,121493475.00000001,0.0,15,14.7,0,2020-05-19 16:00:00
20200521,1589990400000,14.58,14.74,14.1,14.18,99375,142294868.0,0.0,15,14.56,0,2020-05-20 16:00:00
20200522,1590076800000,14.090000000000002,14.38,13.950000000000001,14.22,94640,134292025.0,0.0,15,14.180000000000001,0,2020-05-21 16:00:00
20200525,1590336000000,14.030000000000001,14.490000000000002,14.030000000000001,14.290000000000001,70950,101623990.0,0.0,15,14.22,0,2020-05-24 16:00:00
20200526,1590422400000,14.24,14.51,14.14,14.43,60350,86675116.0,0.0,15,14.290000000000001,0,2020-05-25 16:00:00
20200527,1590508800000,14.430000000000001,14.760000000000002,14.280000000000001,14.350000000000001,67986,98632732.0,0.0,15,14.430000000000001,0,2020-05-26 16:00:00
20200528,1590595200000,14.350000000000001,14.46,13.81,14.16,76985,108822735.00000001,0.0,15,14.350000000000001,0,2020-05-27 16:00:00
20200529,1590681600000,14.08,14.3,14.040000000000001,14.200000000000001,48374,68715843.0,0.0,15,14.16,0,2020-05-28 16:00:00
20200601,1590940800000,14.26,14.549999999999999,14.18,14.45,62528,90204802.0,0.0,15,14.2,0,2020-05-31 16:00:00
20200602,1591027200000,14.41,14.66,14.15,14.290000000000001,86930,124796876.00000001,0.0,15,14.23,0,2020-06-01 16:00:00
20200603,1591113600000,14.389999999999999,14.629999999999999,14.19,14.469999999999999,80746,116693533.00000001,0.0,15,14.29,0,2020-06-02 16:00:00
20200604,1591200000000,14.48,14.860000000000001,14.31,14.38,72828,105739945.99999999,0.0,15,14.47,0,2020-06-03 16:00:00
20200605,1591286400000,14.32,14.32,13.67,13.95,108155,150323680.0,0.0,15,14.379999999999999,0,2020-06-04 16:00:00
20200608,1591545600000,13.99,14.13,13.82,14.040000000000001,52165,72935391.0,0.0,15,13.950000000000001,0,2020-06-07 16:00:00
20200609,1591632000000,14.17,14.45,14.01,14.28,78027,111162539.0,0.0,15,14.04,0,2020-06-08 16:00:00
20200610,1591718400000,14.280000000000001,15.200000000000001,14.21,14.870000000000001,158663,236502637.0,0.0,15,14.280000000000001,0,2020-06-09 16:00:00
20200611,1591804800000,14.9,14.99,14.13,14.200000000000001,138297,200245259.0,0.0,15,14.870000000000001,0,2020-06-10 16:00:00
20200612,1591891200000,13.83,13.950000000000001,13.65,13.88,111938,154559852.00000003,0.0,15,14.200000000000001,0,2020-06-11 16:00:00
20200615,1592150400000,13.88,15.180000000000001,13.88,14.83,208310,307674822.0,0.0,15,13.88,0,2020-06-14 16:00:00
20200616,1592236800000,15.11,15.11,14.59,14.76,120528,177224792.0,0.0,15,14.83,0,2020-06-15 16:00:00
20200617,1592323200000,14.790000000000001,15.07,14.66,14.870000000000001,117162,174184273.0,0.0,15,14.76,0,2020-06-16 16:00:00
20200618,1592409600000,14.77,15.05,14.67,14.92,91568,135986846.0,0.0,15,14.87,0,2020-06-17 16:00:00
20200619,1592496000000,14.87,15.03,14.68,14.74,77132,113970338.0,0.0,15,14.92,0,2020-06-18 16:00:00
20200622,1592755200000,14.82,15.43,14.69,15.07,172499,260520104.0,0.0,15,14.74,0,2020-06-21 16:00:00
20200623,1592841600000,15.0,15.02,14.57,14.69,105290,155533509.00000003,0.0,15,15.07,0,2020-06-22 16:00:00
20200624,1592928000000,14.690000000000001,14.85,14.48,14.58,67352,98401150.0,0.0,15,14.690000000000001,0,2020-06-23 16:00:00
20200629,1593360000000,14.57,14.98,14.46,14.760000000000002,74779,110072218.0,0.0,15,14.58,0,2020-06-28 16:00:00
20200630,1593446400000,14.750000000000002,14.950000000000001,14.620000000000001,14.9,81672,121163139.00000001,0.0,15,14.760000000000002,0,2020-06-29 16:00:00
20200701,1593532800000,14.879999999999999,15.36,14.85,15.299999999999999,168801,256783742.0,0.0,15,14.9,0,2020-06-30 16:00:00
20200702,1593619200000,15.209999999999999,15.68,15.11,15.399999999999999,184260,284320222.00000006,0.0,15,15.299999999999999,0,2020-07-01 16:00:00
20200703,1593705600000,15.58,15.600000000000001,15.13,15.47,130333,200066744.0,0.0,15,15.4,0,2020-07-02 16:00:00
20200706,1593964800000,15.44,15.87,15.43,15.84,217708,340581139.0,0.0,15,15.469999999999999,0,2020-07-05 16:00:00
20200707,1594051200000,15.930000000000001,15.950000000000001,15.540000000000001,15.63,222251,348309297.00000006,0.0,15,15.840000000000002,0,2020-07-06 16:00:00
20200708,1594137600000,15.58,15.68,15.31,15.48,206151,318059936.0,0.0,15,15.63,0,2020-07-07 16:00:00
20200709,1594224000000,15.5,15.870000000000001,15.4,15.870000000000001,241988,379276137.0,0.0,15,15.48,0,2020-07-08 16:00:00
20200710,1594310400000,15.8,15.85,15.34,15.35,185229,287922056.0,0.0,15,15.87,0,2020-07-09 16:00:00
20200713,1594569600000,15.64,16.89,15.63,16.89,250271,411988100.0,0.0,15,15.350000000000001,0,2020-07-12 16:00:00
20200714,1594656000000,17.799999999999997,18.54,17.31,18.259999999999998,528811,938302232.9999999,0.0,15,16.889999999999997,0,2020-07-13 16:00:00
20200715,1594742400000,17.8,17.8,16.8,16.82,413179,711646015.0,0.0,15,18.26,0,2020-07-14 16:00:00
20200716,1594828800000,16.6,16.94,15.75,15.8,229696,375275984.00000006,0.0,15,16.82,0,2020-07-15 16:00:00
20200717,1594915200000,15.81,16.46,15.81,16.060000000000002,167739,270001807.0,0.0,15,15.8,0,2020-07-16 16:00:00
20200720,1595174400000,16.400000000000002,16.490000000000002,15.860000000000001,16.330000000000002,151159,245063192.0,0.0,15,16.060000000000002,0,2020-07-19 16:00:00
20200721,1595260800000,16.27,16.39,16.04,16.22,113366,183692011.00000003,0.0,15,16.33,0,2020-07-20 16:00:00
20200722,1595347200000,16.26,16.6,16.05,16.59,152898,249218796.0,0.0,15,16.220000000000002,0,2020-07-21 16:00:00
20200723,1595433600000,16.44,16.580000000000002,15.91,16.29,142685,231641688.00000003,0.0,15,16.59,0,2020-07-22 16:00:00
20200724,1595520000000,16.150000000000002,16.970000000000002,15.950000000000001,15.96,221809,364080765.00000006,0.0,15,16.290000000000003,0,2020-07-23 16:00:00
20200727,1595779200000,15.879999999999999,16.18,15.36,15.49,140074,219655139.0,0.0,15,15.959999999999999,0,2020-07-26 16:00:00
20200728,1595865600000,15.74,15.94,15.51,15.86,106065,166999128.0,0.0,15,15.49,0,2020-07-27 16:00:00
20200729,1595952000000,15.78,16.26,15.66,16.22,125184,200620990.99999997,0.0,15,15.86,0,2020-07-28 16:00:00
20200730,1596038400000,16.279999999999998,16.66,16.22,16.33,151948,249668754.0,0.0,15,16.22,0,2020-07-29 16:00:00
20200731,1596124800000,16.2,16.43,16.07,16.35,113821,185180390.0,0.0,15,16.330000000000002,0,2020-07-30 16:00:00
20200803,1596384000000,16.45,16.79,16.45,16.64,139450,231752752.0,0.0,15,16.349999999999998,0,2020-08-02 16:00:00
20200804,1596470400000,16.81,17.15,16.52,16.55,167372,281085695.0,0.0,15,16.64,0,2020-08-03 16:00:00
20200805,1596556800000,16.369999999999997,17.24,16.22,17.22,218530,370482304.00000006,0.0,15,16.549999999999997,0,2020-08-04 16:00:00
20200806,1596643200000,17.200000000000003,17.23,16.53,16.89,199509,335290421.0,0.0,15,17.220000000000002,0,2020-08-05 16:00:00
20200807,1596729600000,17.1,17.330000000000002,16.240000000000002,16.520000000000003,203614,341473283.00000006,0.0,15,16.89,0,2020-08-06 16:00:00
20200810,1596988800000,16.7,17.64,16.52,17.4,277805,475578181.0,0.0,15,16.52,0,2020-08-09 16:00:00
20200811,1597075200000,17.209999999999997,18.16,16.97,17.63,303985,535669327.99999994,0.0,15,17.4,0,2020-08-10 16:00:00
20200812,1597161600000,17.46,18.13,17.2,18.099999999999998,275901,486951686.00000006,0.0,15,17.63,0,2020-08-11 16:00:00
20200813,1597248000000,18.099999999999998,18.9,17.88,18.779999999999998,299942,556419606.0,0.0,15,18.099999999999998,0,2020-08-12 16:00:00
20200814,1597334400000,18.7,19.01,18.3,18.720000000000002,245440,457512276.0,0.0,15,18.78,0,2020-08-13 16:00:00
20200817,1597593600000,18.67,19.14,18.41,18.48,226841,423384537.99999994,0.0,15,18.72,0,2020-08-16 16:00:00
20200818,1597680000000,18.46,18.68,18.0,18.45,193295,355340845.0,0.0,15,18.48,0,2020-08-17 16:00:00
20200819,1597766400000,18.39,18.48,17.98,18.2,184584,336212704.00000006,0.0,15,18.45,0,2020-08-18 16:00:00
20200820,1597852800000,18.09,18.2,17.3,17.37,183561,323721370.0,0.0,15,18.2,0,2020-08-19 16:00:00
20200821,1597939200000,17.400000000000002,17.87,17.400000000000002,17.64,109960,193824530.0,0.0,15,17.37,0,2020-08-20 16:00:00
20200824,1598198400000,17.62,18.14,17.5,18.1,135176,242664707.0,0.0,15,17.64,0,2020-08-23 16:00:00
20200825,1598284800000,18.080000000000002,18.09,17.48,17.53,138634,244999123.0,0.0,15,18.1,0,2020-08-24 16:00:00
20200826,1598371200000,17.59,17.689999999999998,16.61,16.79,174797,297689556.0,0.0,15,17.53,0,2020-08-25 16:00:00
20200827,1598457600000,16.7,16.849999999999998,16.47,16.64,110831,184299477.0,0.0,15,16.79,0,2020-08-26 16:00:00
20200828,1598544000000,16.6,17.05,16.51,16.970000000000002,106101,178578520.0,0.0,15,16.64,0,2020-08-27 16:00:00
20200831,1598803200000,17.14,17.25,16.91,16.96,99018,169039774.00000003,0.0,15,16.97,0,2020-08-30 16:00:00
20200901,1598889600000,16.96,16.96,16.6,16.860000000000003,86731,145192739.0,0.0,15,16.96,0,2020-08-31 16:00:00
20200902,1598976000000,16.98,17.18,16.64,16.740000000000002,92149,155188598.00000003,0.0,15,16.86,0,2020-09-01 16:00:00
20200903,1599062400000,16.740000000000002,16.770000000000003,16.240000000000002,16.340000000000003,120002,197201908.0,0.0,15,16.740000000000002,0,2020-09-02 16:00:00
20200904,1599148800000,16.03,16.1,15.700000000000001,15.920000000000002,117509,185974817.0,0.0,15,16.34,0,2020-09-03 16:00:00
20200907,1599408000000,15.85,15.98,14.99,15.13,176297,271519428.0,0.0,15,15.92,0,2020-09-06 16:00:00
20200908,1599494400000,15.030000000000001,15.120000000000001,14.63,14.780000000000001,126918,187365919.00000003,0.0,15,15.13,0,2020-09-07 16:00:00
20200909,1599580800000,14.520000000000001,14.690000000000001,14.120000000000001,14.170000000000002,105072,150669432.0,0.0,15,14.780000000000001,0,2020-09-08 16:00:00
20200910,1599667200000,14.3,14.49,13.91,14.07,101167,143472056.00000003,0.0,15,14.17,0,2020-09-09 16:00:00
20200911,1599753600000,14.010000000000002,14.22,13.96,14.200000000000001,67076,94597842.0,0.0,15,14.07,0,2020-09-10 16:00:00
20200914,1600012800000,14.200000000000001,14.32,13.72,13.940000000000001,102922,144093668.0,0.0,15,14.200000000000001,0,2020-09-13 16:00:00
20200915,1600099200000,13.950000000000001,14.170000000000002,13.780000000000001,14.07,66071,92674325.0,0.0,15,13.940000000000001,0,2020-09-14 16:00:00
20200916,1600185600000,14.049999999999999,14.18,13.93,13.98,43514,61034285.0,0.0,15,14.07,0,2020-09-15 16:00:00
20200917,1600272000000,13.89,13.93,13.4,13.69,96781,131896582.0,0.0,15,13.98,0,2020-09-16 16:00:00
20200918,1600358400000,13.73,13.97,13.65,13.94,63050,87218738.0,0.0,15,13.69,0,2020-09-17 16:00:00
20200921,1600617600000,13.97,14.100000000000001,13.72,13.940000000000001,58461,81419109.0,0.0,15,13.940000000000001,0,2020-09-20 16:00:00
20200922,1600704000000,13.959999999999999,14.15,13.85,14.01,81475,114203041.0,0.0,15,13.94,0,2020-09-21 16:00:00
20200923,1600790400000,14.040000000000001,14.100000000000001,13.88,14.010000000000002,42681,59717025.0,0.0,15,14.010000000000002,0,2020-09-22 16:00:00
20200924,1600876800000,13.99,14.12,13.86,13.93,51530,71980554.0,0.0,15,14.01,0,2020-09-23 16:00:00
20200925,1600963200000,14.180000000000001,14.180000000000001,13.950000000000001,14.080000000000002,44756,62775317.00000001,0.0,15,13.930000000000001,0,2020-09-24 16:00:00
20200928,1601222400000,14.08,14.13,13.56,13.56,50307,69247027.99999999,0.0,15,14.08,0,2020-09-27 16:00:00
20200929,1601308800000,13.59,13.82,13.56,13.71,34170,46852880.0,0.0,15,13.56,0,2020-09-28 16:00:00
20200930,1601395200000,13.75,13.86,13.36,13.41,51573,69805210.00000001,0.0,15,13.709999999999999,0,2020-09-29 16:00:00
20201009,1602172800000,13.6,14.12,13.42,14.07,81847,113722297.0,0.0,15,13.41,0,2020-10-08 16:00:00
20201012,1602432000000,14.15,14.250000000000002,14.030000000000001,14.22,89546,126527386.0,0.0,15,14.07,0,2020-10-11 16:00:00
20201013,1602518400000,14.26,14.54,14.11,14.51,81201,116359967.0,0.0,15,14.219999999999999,0,2020-10-12 16:00:00
20201014,1602604800000,14.469999999999999,14.469999999999999,14.1,14.16,66707,94662427.0,0.0,15,14.51,0,2020-10-13 16:00:00
20201015,1602691200000,14.16,14.18,13.81,13.860000000000001,54447,75826842.00000001,0.0,15,14.16,0,2020-10-14 16:00:00
20201016,1602777600000,13.84,13.93,13.74,13.92,29946,41452834.0,0.0,15,13.86,0,2020-10-15 16:00:00
20201019,1603036800000,13.9,14.110000000000001,13.72,13.770000000000001,41745,58101144.99999999,0.0,15,13.92,0,2020-10-18 16:00:00
20201020,1603123200000,13.700000000000001,13.82,13.57,13.8,32397,44270316.0,0.0,15,13.77,0,2020-10-19 16:00:00
20201021,1603209600000,13.83,13.860000000000001,13.63,13.72,26056,35712873.0,0.0,15,13.8,0,2020-10-20 16:00:00
20201022,1603296000000,13.68,13.700000000000001,13.4,13.620000000000001,39776,53748958.0,0.0,15,13.72,0,2020-10-21 16:00:00
20201023,1603382400000,13.52,13.68,13.42,13.45,23883,32301958.000000004,0.0,15,13.62,0,2020-10-22 16:00:00
20201026,1603641600000,13.450000000000001,13.48,13.040000000000001,13.23,30918,40901368.0,0.0,15,13.450000000000001,0,2020-10-25 16:00:00
20201027,1603728000000,13.290000000000001,13.500000000000002,13.040000000000001,13.110000000000001,61591,81217055.99999999,0.0,15,13.23,0,2020-10-26 16:00:00
20201028,1603814400000,13.11,13.16,12.61,12.639999999999999,88920,113417887.0,0.0,15,13.11,0,2020-10-27 16:00:00
20201029,1603900800000,12.44,12.76,12.34,12.69,56527,70901827.0,0.0,15,12.64,0,2020-10-28 16:00:00
20201030,1603987200000,12.65,12.73,12.35,12.35,48703,60923463.00000001,0.0,15,12.69,0,2020-10-29 16:00:00
20201102,1604246400000,12.360000000000001,12.48,12.15,12.15,50268,61627539.0,0.0,15,12.35,0,2020-11-01 16:00:00
20201103,1604332800000,12.24,12.4,12.120000000000001,12.38,42952,52829561.0,0.0,15,12.15,0,2020-11-02 16:00:00
20201104,1604419200000,12.360000000000001,12.530000000000001,12.23,12.360000000000001,31535,38969966.0,0.0,15,12.38,0,2020-11-03 16:00:00
20201105,1604505600000,12.39,12.5,12.31,12.42,43695,54184069.0,0.0,15,12.360000000000001,0,2020-11-04 16:00:00
20201106,1604592000000,12.430000000000001,12.46,12.200000000000001,12.290000000000001,39449,48405572.0,0.0,15,12.420000000000002,0,2020-11-05 16:00:00
20201109,1604851200000,12.33,12.540000000000001,12.290000000000001,12.530000000000001,83038,103117202.0,0.0,15,12.290000000000001,0,2020-11-08 16:00:00
20201110,1604937600000,12.56,12.8,12.42,12.8,86718,109304128.00000001,0.0,15,12.53,0,2020-11-09 16:00:00
20201111,1605024000000,12.700000000000001,12.96,12.700000000000001,12.750000000000002,103974,133716014.0,0.0,15,12.8,0,2020-11-10 16:00:00
20201112,1605110400000,12.83,12.85,12.56,12.66,45691,57770010.00000001,0.0,15,12.75,0,2020-11-11 16:00:00
20201113,1605196800000,12.58,12.65,12.4,12.49,41022,51095257.0,0.0,15,12.66,0,2020-11-12 16:00:00
20201116,1605456000000,12.49,12.9,12.4,12.870000000000001,66200,84477544.0,0.0,15,12.49,0,2020-11-15 16:00:00
20201117,1605542400000,12.860000000000001,12.950000000000001,12.65,12.72,43600,55561323.0,0.0,15,12.870000000000001,0,2020-11-16 16:00:00
20201118,1605628800000,12.700000000000001,12.77,12.65,12.700000000000001,31027,39394266.0,0.0,15,12.72,0,2020-11-17 16:00:00
20201119,1605715200000,12.72,12.96,12.66,12.89,55969,71982002.0,0.0,15,12.7,0,2020-11-18 16:00:00
20201120,1605801600000,12.88,12.89,12.71,12.860000000000001,44715,57131696.0,0.0,15,12.89,0,2020-11-19 16:00:00
20201123,1606060800000,12.850000000000001,12.850000000000001,12.620000000000001,12.71,61336,77896985.0,0.0,15,12.860000000000001,0,2020-11-22 16:00:00
20201124,1606147200000,12.7,12.870000000000001,12.66,12.7,40651,51807918.0,0.0,15,12.71,0,2020-11-23 16:00:00
20201125,1606233600000,12.73,12.75,12.42,12.43,53381,67009670.00000001,0.0,15,12.7,0,2020-11-24 16:00:00
20201126,1606320000000,12.450000000000001,12.64,12.450000000000001,12.520000000000001,27073,33976748.0,0.0,15,12.430000000000001,0,2020-11-25 16:00:00
20201127,1606406400000,12.56,13.100000000000001,12.56,12.96,110210,142351963.0,0.0,15,12.520000000000001,0,2020-11-26 16:00:00
20201130,1606665600000,13.12,13.299999999999999,12.85,12.9,86046,111999650.0,0.0,15,12.959999999999999,0,2020-11-29 16:00:00
20201201,1606752000000,12.83,13.0,12.77,12.94,44240,57099237.00000001,0.0,15,12.9,0,2020-11-30 16:00:00
20201202,1606838400000,12.94,13.09,12.9,12.99,48707,63240185.0,0.0,15,12.94,0,2020-12-01 16:00:00
20201203,1606924800000,13.049999999999999,13.299999999999999,12.86,13.229999999999999,81698,107137211.00000001,0.0,15,12.99,0,2020-12-02 16:00:00
20201204,1607011200000,13.3,13.350000000000001,13.120000000000001,13.200000000000001,63265,83670737.0,0.0,15,13.23,0,2020-12-03 16:00:00
20201207,1607270400000,13.200000000000001,13.58,13.15,13.55,115299,154590153.0,0.0,15,13.200000000000001,0,2020-12-06 16:00:00
20201208,1607356800000,13.55,13.790000000000001,13.41,13.6,95542,130123598.0,0.0,15,13.55,0,2020-12-07 16:00:00
20201209,1607443200000,13.620000000000001,13.66,13.08,13.09,73354,97595813.0,0.0,15,13.6,0,2020-12-08 16:00:00
20201210,1607529600000,13.0,13.26,12.94,12.99,49473,64604471.00000001,0.0,15,13.09,0,2020-12-09 16:00:00
20201211,1607616000000,12.95,12.99,12.5,12.72,64410,82017232.00000001,0.0,15,12.99,0,2020-12-10 16:00:00
20201214,1607875200000,12.770000000000001,13.120000000000001,12.63,13.010000000000002,58100,75011658.0,0.0,15,12.72,0,2020-12-13 16:00:00
20201215,1607961600000,13.040000000000001,13.040000000000001,12.66,12.69,53210,68039791.0,0.0,15,13.01,0,2020-12-14 16:00:00
20201216,1608048000000,12.68,12.8,12.4,12.4,57940,72378215.0,0.0,15,12.69,0,2020-12-15 16:00:00
20201217,1608134400000,12.38,12.5,12.16,12.4,50725,62361520.0,0.0,15,12.4,0,2020-12-16 16:00:00
20201218,1608220800000,12.41,12.43,12.26,12.299999999999999,42980,52994226.0,0.0,15,12.4,0,2020-12-17 16:00:00
20201221,1608480000000,12.36,12.620000000000001,12.32,12.49,60023,74960501.0,0.0,15,12.3,0,2020-12-20 16:00:00
20201222,1608566400000,12.469999999999999,12.62,12.11,12.18,60262,74519269.0,0.0,15,12.49,0,2020-12-21 16:00:00
20201223,1608652800000,12.200000000000001,12.200000000000001,11.700000000000001,11.88,89868,106289420.0,0.0,15,12.180000000000001,0,2020-12-22 16:00:00
20201224,1608739200000,11.88,12.06,11.700000000000001,11.74,54765,64899448.0,0.0,15,11.88,0,2020-12-23 16:00:00
20201225,1608825600000,11.75,11.75,11.39,11.63,52490,60768862.0,0.0,15,11.74,0,2020-12-24 16:00:00
20201228,1609084800000,11.600000000000001,11.83,11.540000000000001,11.74,42560,49876877.0,0.0,15,11.63,0,2020-12-27 16:00:00
20201229,1609171200000,11.770000000000001,11.930000000000001,11.55,11.71,38110,44775597.0,0.0,15,11.74,0,2020-12-28 16:00:00
20201230,1609257600000,11.66,11.8,11.63,11.700000000000001,33243,38949557.0,0.0,15,11.71,0,2020-12-29 16:00:00
20201231,1609344000000,11.67,11.84,11.67,11.82,33166,39040816.00000001,0.0,15,11.7,0,2020-12-30 16:00:00
