date,time,open,high,low,close,volume,amount,settelementPrice,openInterest,preClose,suspendFlag,datetime
20230103,1672675200000,5.970000000000001,6.0,5.82,5.890000000000001,186223,109214025.0,0.0,15,6.010000000000001,0,2023-01-02 16:00:00
20230104,1672761600000,5.87,5.930000000000001,5.82,5.890000000000001,153682,90380309.0,0.0,15,5.890000000000001,0,2023-01-03 16:00:00
20230105,1672848000000,5.91,5.92,5.75,5.8,205149,118798415.00000001,0.0,15,5.89,0,2023-01-04 16:00:00
20230106,1672934400000,5.79,5.79,5.65,5.67,204449,116470451.00000001,0.0,15,5.800000000000001,0,2023-01-05 16:00:00
20230109,1673193600000,5.68,5.7700000000000005,5.66,5.75,171663,98113209.0,0.0,15,5.67,0,2023-01-08 16:00:00
20230110,1673280000000,5.75,5.76,5.62,5.65,151218,85631766.0,0.0,15,5.75,0,2023-01-09 16:00:00
20230111,1673366400000,5.6,5.6899999999999995,5.59,5.67,111544,62978680.0,0.0,15,5.6499999999999995,0,2023-01-10 16:00:00
20230112,1673452800000,5.640000000000001,5.67,5.57,5.59,121394,68088175.0,0.0,15,5.67,0,2023-01-11 16:00:00
20230113,1673539200000,5.6000000000000005,5.750000000000001,5.6000000000000005,5.710000000000001,160788,91421230.0,0.0,15,5.590000000000001,0,2023-01-12 16:00:00
20230116,1673798400000,5.73,5.83,5.69,5.79,207099,119409691.00000001,0.0,15,5.71,0,2023-01-15 16:00:00
20230117,1673884800000,5.79,5.819999999999999,5.68,5.699999999999999,125631,71918893.99999999,0.0,15,5.79,0,2023-01-16 16:00:00
20230118,1673971200000,5.68,5.71,5.64,5.659999999999999,95401,53987163.0,0.0,15,5.699999999999999,0,2023-01-17 16:00:00
20230119,1674057600000,5.65,5.670000000000001,5.6000000000000005,5.66,94025,52982904.0,0.0,15,5.66,0,2023-01-18 16:00:00
20230120,1674144000000,5.68,5.72,5.64,5.72,98052,55835520.0,0.0,15,5.659999999999999,0,2023-01-19 16:00:00
20230130,1675008000000,5.73,5.79,5.7,5.7700000000000005,187270,107715052.0,0.0,15,5.72,0,2023-01-29 16:00:00
20230131,1675094400000,5.77,5.96,5.76,5.88,252416,148397666.0,0.0,15,5.77,0,2023-01-30 16:00:00
20230201,1675180800000,5.82,5.95,5.82,5.94,280841,166040287.99999997,0.0,15,5.88,0,2023-01-31 16:00:00
20230202,1675267200000,5.94,5.96,5.9,5.96,155798,92456304.0,0.0,15,5.94,0,2023-02-01 16:00:00
20230203,1675353600000,5.9399999999999995,5.96,5.84,5.89,162892,95970343.0,0.0,15,5.96,0,2023-02-02 16:00:00
20230206,1675612800000,5.880000000000001,5.95,5.8100000000000005,5.95,123797,72993693.0,0.0,15,5.890000000000001,0,2023-02-05 16:00:00
20230207,1675699200000,5.96,5.9799999999999995,5.88,5.93,123991,73408171.0,0.0,15,5.95,0,2023-02-06 16:00:00
20230208,1675785600000,5.9,5.93,5.87,5.88,91172,53816103.00000001,0.0,15,5.93,0,2023-02-07 16:00:00
20230209,1675872000000,5.87,5.91,5.86,5.91,89017,52413432.0,0.0,15,5.88,0,2023-02-08 16:00:00
20230210,1675958400000,5.8999999999999995,5.989999999999999,5.89,5.9399999999999995,159042,94666729.00000001,0.0,15,5.909999999999999,0,2023-02-09 16:00:00
20230213,1676217600000,5.92,6.01,5.91,5.97,176209,104876352.0,0.0,15,5.94,0,2023-02-12 16:00:00
20230214,1676304000000,6.03,6.05,5.92,5.9399999999999995,148054,88249624.0,0.0,15,5.97,0,2023-02-13 16:00:00
20230215,1676390400000,5.94,5.95,5.86,5.87,125532,73886593.0,0.0,15,5.94,0,2023-02-14 16:00:00
20230216,1676476800000,5.87,5.95,5.74,5.79,185054,108868075.0,0.0,15,5.87,0,2023-02-15 16:00:00
20230217,1676563200000,5.8100000000000005,5.87,5.7700000000000005,5.79,107950,62762602.0,0.0,15,5.79,0,2023-02-16 16:00:00
20230220,1676822400000,5.79,5.86,5.75,5.86,113603,65853989.0,0.0,15,5.79,0,2023-02-19 16:00:00
20230221,1676908800000,5.84,5.94,5.82,5.92,145381,85738651.0,0.0,15,5.86,0,2023-02-20 16:00:00
20230222,1676995200000,5.92,5.99,5.88,5.97,142148,84705595.0,0.0,15,5.92,0,2023-02-21 16:00:00
20230223,1677081600000,5.98,6.03,5.94,5.95,145200,86834651.0,0.0,15,5.970000000000001,0,2023-02-22 16:00:00
20230224,1677168000000,5.97,6.0,5.92,5.96,91913,54717427.0,0.0,15,5.95,0,2023-02-23 16:00:00
20230227,1677427200000,5.95,5.99,5.88,5.91,87442,51737247.0,0.0,15,5.96,0,2023-02-26 16:00:00
20230228,1677513600000,5.89,5.9399999999999995,5.88,5.9399999999999995,65754,38889678.0,0.0,15,5.91,0,2023-02-27 16:00:00
20230301,1677600000000,5.93,5.9399999999999995,5.88,5.9399999999999995,98792,58364136.00000001,0.0,15,5.9399999999999995,0,2023-02-28 16:00:00
20230302,1677686400000,5.9399999999999995,5.9799999999999995,5.92,5.96,109353,65057968.0,0.0,15,5.9399999999999995,0,2023-03-01 16:00:00
20230303,1677772800000,5.94,5.96,5.87,5.93,90729,53627035.0,0.0,15,5.96,0,2023-03-02 16:00:00
20230306,1678032000000,5.930000000000001,6.0200000000000005,5.9,5.98,130548,77889487.0,0.0,15,5.930000000000001,0,2023-03-05 16:00:00
20230307,1678118400000,5.99,5.99,5.83,5.83,124611,73392650.0,0.0,15,5.98,0,2023-03-06 16:00:00
20230308,1678204800000,5.8,5.85,5.79,5.82,78597,45656821.00000001,0.0,15,5.83,0,2023-03-07 16:00:00
20230309,1678291200000,5.83,5.86,5.75,5.78,81354,47053594.99999999,0.0,15,5.82,0,2023-03-08 16:00:00
20230310,1678377600000,5.75,5.7700000000000005,5.65,5.65,99970,56882318.00000001,0.0,15,5.78,0,2023-03-09 16:00:00
20230313,1678636800000,5.64,5.76,5.59,5.76,117337,66559114.00000001,0.0,15,5.6499999999999995,0,2023-03-12 16:00:00
20230314,1678723200000,5.76,5.99,5.71,5.81,223805,131034390.0,0.0,15,5.76,0,2023-03-13 16:00:00
20230315,1678809600000,5.8100000000000005,5.92,5.78,5.82,159267,93117086.0,0.0,15,5.8100000000000005,0,2023-03-14 16:00:00
20230316,1678896000000,5.86,5.86,5.66,5.67,139153,79739670.0,0.0,15,5.82,0,2023-03-15 16:00:00
20230317,1678982400000,5.68,5.72,5.64,5.659999999999999,101309,57470253.0,0.0,15,5.67,0,2023-03-16 16:00:00
20230320,1679241600000,5.67,5.68,5.54,5.54,156988,87439176.00000001,0.0,15,5.66,0,2023-03-19 16:00:00
20230321,1679328000000,5.550000000000001,5.590000000000001,5.5200000000000005,5.590000000000001,89025,49463460.0,0.0,15,5.54,0,2023-03-20 16:00:00
20230322,1679414400000,5.59,5.640000000000001,5.57,5.6000000000000005,71285,39943095.00000001,0.0,15,5.59,0,2023-03-21 16:00:00
20230323,1679500800000,5.6,5.609999999999999,5.55,5.58,69948,38964845.0,0.0,15,5.6,0,2023-03-22 16:00:00
20230324,1679587200000,5.58,5.630000000000001,5.5600000000000005,5.630000000000001,84379,47288175.0,0.0,15,5.58,0,2023-03-23 16:00:00
20230327,1679846400000,5.640000000000001,5.720000000000001,5.57,5.69,126750,71604479.0,0.0,15,5.63,0,2023-03-26 16:00:00
20230328,1679932800000,5.67,5.7,5.63,5.64,88931,50383943.00000001,0.0,15,5.6899999999999995,0,2023-03-27 16:00:00
20230329,1680019200000,5.65,5.66,5.54,5.56,93495,52124355.0,0.0,15,5.64,0,2023-03-28 16:00:00
20230330,1680105600000,5.56,5.6,5.42,5.54,268623,147972750.0,0.0,15,5.56,0,2023-03-29 16:00:00
20230331,1680192000000,5.58,5.73,5.53,5.63,410611,232493240.99999997,0.0,15,5.54,0,2023-03-30 16:00:00
20230403,1680451200000,5.58,5.8999999999999995,5.55,5.8,381578,220212354.0,0.0,15,5.63,0,2023-04-02 16:00:00
20230404,1680537600000,5.79,6.08,5.76,5.89,633557,377981959.0,0.0,15,5.8,0,2023-04-03 16:00:00
20230406,1680710400000,5.98,6.000000000000001,5.8500000000000005,5.95,344466,204584476.0,0.0,15,5.890000000000001,0,2023-04-05 16:00:00
20230407,1680796800000,5.8999999999999995,5.95,5.76,5.79,293140,170989590.0,0.0,15,5.95,0,2023-04-06 16:00:00
20230410,1681056000000,5.78,5.78,5.53,5.55,451219,252936062.00000003,0.0,15,5.79,0,2023-04-09 16:00:00
20230411,1681142400000,5.59,5.6000000000000005,5.49,5.54,231198,127727957.0,0.0,15,5.55,0,2023-04-10 16:00:00
20230412,1681228800000,5.53,5.54,5.37,5.39,379190,205743694.0,0.0,15,5.54,0,2023-04-11 16:00:00
20230413,1681315200000,5.36,5.380000000000001,5.3100000000000005,5.33,241890,129136835.00000001,0.0,15,5.390000000000001,0,2023-04-12 16:00:00
20230414,1681401600000,5.319999999999999,5.34,5.22,5.27,228148,120259800.0,0.0,15,5.33,0,2023-04-13 16:00:00
20230417,1681660800000,5.2700000000000005,5.300000000000001,5.23,5.29,160523,84535010.0,0.0,15,5.2700000000000005,0,2023-04-16 16:00:00
20230418,1681747200000,5.29,5.29,5.24,5.26,101849,53596766.0,0.0,15,5.29,0,2023-04-17 16:00:00
20230419,1681833600000,5.26,5.36,5.24,5.32,163066,86523170.00000001,0.0,15,5.26,0,2023-04-18 16:00:00
20230420,1681920000000,5.32,5.32,5.24,5.3,116377,61524336.0,0.0,15,5.32,0,2023-04-19 16:00:00
20230421,1682006400000,5.29,5.32,5.13,5.14,181977,94742898.0,0.0,15,5.3,0,2023-04-20 16:00:00
20230424,1682265600000,5.130000000000001,5.2,5.0200000000000005,5.12,129705,65982516.0,0.0,15,5.140000000000001,0,2023-04-23 16:00:00
20230425,1682352000000,5.11,5.15,4.96,5.0,146428,73696635.0,0.0,15,5.12,0,2023-04-24 16:00:00
20230426,1682438400000,5.0,5.07,4.96,5.05,83267,41930443.00000001,0.0,15,5.0,0,2023-04-25 16:00:00
20230427,1682524800000,5.04,5.08,5.01,5.04,62381,31466566.000000004,0.0,15,5.05,0,2023-04-26 16:00:00
20230428,1682611200000,5.029999999999999,5.069999999999999,5.01,5.06,101800,51313261.0,0.0,15,5.04,0,2023-04-27 16:00:00
20230504,1683129600000,5.04,5.090000000000001,5.0200000000000005,5.07,116222,58830756.0,0.0,15,5.0600000000000005,0,2023-05-03 16:00:00
20230505,1683216000000,5.07,5.11,4.99,5.1000000000000005,118073,59545315.0,0.0,15,5.07,0,2023-05-04 16:00:00
20230508,1683475200000,5.11,5.11,5.04,5.05,99934,50600747.0,0.0,15,5.1,0,2023-05-07 16:00:00
20230509,1683561600000,5.029999999999999,5.09,5.01,5.05,107929,54493418.0,0.0,15,5.05,0,2023-05-08 16:00:00
20230510,1683648000000,5.06,5.06,5.0,5.02,114997,57706777.0,0.0,15,5.05,0,2023-05-09 16:00:00
20230511,1683734400000,5.0,5.050000000000001,4.94,5.0200000000000005,106958,53354697.0,0.0,15,5.0200000000000005,0,2023-05-10 16:00:00
20230512,1683820800000,5.0,5.029999999999999,4.97,4.9799999999999995,66644,33275701.000000004,0.0,15,5.02,0,2023-05-11 16:00:00
20230515,1684080000000,4.98,4.98,4.94,4.98,76100,37746406.0,0.0,15,4.98,0,2023-05-14 16:00:00
20230516,1684166400000,5.0,5.13,4.97,5.09,179273,90604252.0,0.0,15,4.9799999999999995,0,2023-05-15 16:00:00
20230517,1684252800000,5.08,5.1,5.04,5.08,86656,43977521.0,0.0,15,5.09,0,2023-05-16 16:00:00
20230518,1684339200000,5.11,5.12,5.04,5.06,91616,46483517.0,0.0,15,5.08,0,2023-05-17 16:00:00
20230519,1684425600000,5.07,5.48,5.0200000000000005,5.41,551294,294492943.0,0.0,15,5.0600000000000005,0,2023-05-18 16:00:00
20230522,1684684800000,5.38,5.55,5.38,5.4399999999999995,369364,202172706.0,0.0,15,5.41,0,2023-05-21 16:00:00
20230523,1684771200000,5.47,5.4799999999999995,5.22,5.2299999999999995,221506,118131174.0,0.0,15,5.4399999999999995,0,2023-05-22 16:00:00
20230524,1684857600000,5.25,5.26,5.16,5.18,138039,71717568.0,0.0,15,5.23,0,2023-05-23 16:00:00
20230525,1684944000000,5.180000000000001,5.19,5.03,5.0600000000000005,168764,85834087.0,0.0,15,5.180000000000001,0,2023-05-24 16:00:00
20230526,1685030400000,5.07,5.54,5.03,5.45,464259,248412872.0,0.0,15,5.0600000000000005,0,2023-05-25 16:00:00
20230529,1685289600000,5.41,5.42,5.28,5.29,209631,111836363.0,0.0,15,5.45,0,2023-05-28 16:00:00
20230530,1685376000000,5.3,5.38,5.16,5.24,159490,83649810.0,0.0,15,5.29,0,2023-05-29 16:00:00
20230531,1685462400000,5.220000000000001,5.37,5.11,5.260000000000001,234139,122325866.0,0.0,15,5.24,0,2023-05-30 16:00:00
20230601,1685548800000,5.24,5.33,5.11,5.25,190729,99909477.0,0.0,15,5.260000000000001,0,2023-05-31 16:00:00
20230602,1685635200000,5.26,5.32,5.21,5.31,156590,82769984.0,0.0,15,5.25,0,2023-06-01 16:00:00
20230605,1685894400000,5.3,5.35,5.21,5.3,135981,71674466.99999999,0.0,15,5.31,0,2023-06-04 16:00:00
20230606,1685980800000,5.31,5.45,5.29,5.38,258431,139280623.0,0.0,15,5.3,0,2023-06-05 16:00:00
20230607,1686067200000,5.3500000000000005,5.840000000000001,5.3500000000000005,5.69,626465,354359347.00000006,0.0,15,5.380000000000001,0,2023-06-06 16:00:00
20230608,1686153600000,5.7,5.86,5.66,5.7,513830,295296826.0,0.0,15,5.69,0,2023-06-07 16:00:00
20230609,1686240000000,5.7,6.0,5.7,5.9,580186,342333301.0,0.0,15,5.7,0,2023-06-08 16:00:00
20230612,1686499200000,5.82,6.38,5.58,6.25,843974,508383404.0,0.0,15,5.9,0,2023-06-11 16:00:00
20230613,1686585600000,6.1000000000000005,6.33,5.95,6.04,584881,353729482.0,0.0,15,6.25,0,2023-06-12 16:00:00
20230614,1686672000000,6.180000000000001,6.19,5.9,6.0200000000000005,359268,215930326.00000003,0.0,15,6.04,0,2023-06-13 16:00:00
20230615,1686758400000,6.0,6.28,5.86,6.11,442887,269288206.0,0.0,15,6.0200000000000005,0,2023-06-14 16:00:00
20230616,1686844800000,6.130000000000001,6.460000000000001,6.0600000000000005,6.420000000000001,540224,340529627.0,0.0,15,6.11,0,2023-06-15 16:00:00
20230619,1687104000000,6.470000000000001,6.69,6.390000000000001,6.48,573501,374081476.00000006,0.0,15,6.420000000000001,0,2023-06-18 16:00:00
20230620,1687190400000,6.44,6.51,6.37,6.41,253480,163299052.0,0.0,15,6.48,0,2023-06-19 16:00:00
20230621,1687276800000,6.47,6.72,6.42,6.62,567099,371774491.0,0.0,15,6.41,0,2023-06-20 16:00:00
20230626,1687708800000,6.56,6.84,6.46,6.55,494511,330250889.0,0.0,15,6.62,0,2023-06-25 16:00:00
20230627,1687795200000,6.550000000000001,6.680000000000001,6.44,6.66,339900,223449481.0,0.0,15,6.550000000000001,0,2023-06-26 16:00:00
20230628,1687881600000,6.71,6.760000000000001,6.57,6.73,221341,147496165.99999997,0.0,15,6.66,0,2023-06-27 16:00:00
20230629,1687968000000,6.76,7.28,6.67,7.1,618351,438232888.00000006,0.0,15,6.7299999999999995,0,2023-06-28 16:00:00
20230630,1688054400000,7.24,7.7,7.15,7.66,770794,579701953.0,0.0,15,7.1000000000000005,0,2023-06-29 16:00:00
20230703,1688313600000,7.66,7.680000000000001,7.2700000000000005,7.5200000000000005,573713,428424381.0,0.0,15,7.66,0,2023-07-02 16:00:00
20230704,1688400000000,7.55,7.58,7.37,7.47,328264,244796962.0,0.0,15,7.5200000000000005,0,2023-07-03 16:00:00
20230705,1688486400000,7.5,7.57,7.38,7.4799999999999995,206500,154529296.0,0.0,15,7.47,0,2023-07-04 16:00:00
20230706,1688572800000,7.49,7.5,7.2,7.3500000000000005,413921,303213968.0,0.0,15,7.48,0,2023-07-05 16:00:00
20230707,1688659200000,7.27,7.5,7.22,7.41,227582,168523805.0,0.0,15,7.35,0,2023-07-06 16:00:00
20230710,1688918400000,7.42,7.63,7.34,7.47,249277,186491220.0,0.0,15,7.41,0,2023-07-09 16:00:00
20230711,1689004800000,7.54,7.78,7.5,7.72,333138,255398358.00000003,0.0,15,7.47,0,2023-07-10 16:00:00
20230712,1689091200000,7.72,7.72,7.43,7.4799999999999995,213422,160691120.0,0.0,15,7.72,0,2023-07-11 16:00:00
20230713,1689177600000,7.46,7.550000000000001,7.28,7.430000000000001,258359,191449118.0,0.0,15,7.48,0,2023-07-12 16:00:00
20230714,1689264000000,7.42,7.58,7.38,7.46,142111,106706031.00000001,0.0,15,7.43,0,2023-07-13 16:00:00
20230717,1689523200000,7.29,7.49,7.25,7.46,165120,122339478.0,0.0,15,7.46,0,2023-07-16 16:00:00
20230718,1689609600000,7.46,7.61,7.41,7.44,183283,137753219.0,0.0,15,7.46,0,2023-07-17 16:00:00
20230719,1689696000000,7.44,7.53,7.37,7.4,108944,80856355.0,0.0,15,7.44,0,2023-07-18 16:00:00
20230720,1689782400000,7.4,7.41,6.86,6.98,521859,369061545.0,0.0,15,7.4,0,2023-07-19 16:00:00
20230721,1689868800000,6.9,7.17,6.87,6.99,244307,171696760.0,0.0,15,6.98,0,2023-07-20 16:00:00
20230724,1690128000000,7.0600000000000005,7.2,6.91,6.98,180844,127246612.0,0.0,15,6.99,0,2023-07-23 16:00:00
20230725,1690214400000,7.050000000000001,7.050000000000001,6.73,6.920000000000001,247578,170482797.0,0.0,15,6.98,0,2023-07-24 16:00:00
20230726,1690300800000,6.92,7.02,6.8,6.95,147139,101865810.0,0.0,15,6.92,0,2023-07-25 16:00:00
20230727,1690387200000,6.99,7.05,6.83,6.92,126507,87670802.0,0.0,15,6.95,0,2023-07-26 16:00:00
20230728,1690473600000,6.92,6.96,6.84,6.95,117579,81212865.0,0.0,15,6.92,0,2023-07-27 16:00:00
20230731,1690732800000,6.95,7.15,6.92,7.05,205020,144192679.0,0.0,15,6.95,0,2023-07-30 16:00:00
20230801,1690819200000,7.07,7.09,6.92,6.9399999999999995,125727,87601386.0,0.0,15,7.05,0,2023-07-31 16:00:00
20230802,1690905600000,6.930000000000001,6.98,6.890000000000001,6.94,96741,67097104.0,0.0,15,6.94,0,2023-08-01 16:00:00
20230803,1690992000000,6.949999999999999,7.22,6.93,7.22,242412,172997236.99999997,0.0,15,6.9399999999999995,0,2023-08-02 16:00:00
20230804,1691078400000,7.21,7.31,6.96,6.9799999999999995,255425,180570059.0,0.0,15,7.22,0,2023-08-03 16:00:00
20230807,1691337600000,6.98,7.04,6.95,6.98,118389,82610773.0,0.0,15,6.98,0,2023-08-06 16:00:00
20230808,1691424000000,6.99,7.08,6.95,6.97,91275,63739929.0,0.0,15,6.98,0,2023-08-07 16:00:00
20230809,1691510400000,6.87,6.94,6.83,6.89,92312,63497915.0,0.0,15,6.97,0,2023-08-08 16:00:00
20230810,1691596800000,6.84,6.85,6.67,6.74,161332,108638611.99999999,0.0,15,6.89,0,2023-08-09 16:00:00
20230811,1691683200000,6.83,6.9,6.7,6.76,172313,116733250.00000001,0.0,15,6.74,0,2023-08-10 16:00:00
20230814,1691942400000,6.7,6.75,6.57,6.7,112114,74563546.0,0.0,15,6.760000000000001,0,2023-08-13 16:00:00
20230815,1692028800000,6.7,6.78,6.6000000000000005,6.62,101147,67620213.0,0.0,15,6.7,0,2023-08-14 16:00:00
20230816,1692115200000,6.640000000000001,6.66,6.57,6.6000000000000005,80891,53461175.0,0.0,15,6.62,0,2023-08-15 16:00:00
20230817,1692201600000,6.61,6.670000000000001,6.48,6.65,98890,65181907.0,0.0,15,6.6000000000000005,0,2023-08-16 16:00:00
20230818,1692288000000,6.670000000000001,6.710000000000001,6.48,6.54,99435,65435706.00000001,0.0,15,6.65,0,2023-08-17 16:00:00
20230821,1692547200000,6.46,6.5600000000000005,6.32,6.3500000000000005,151101,96963227.0,0.0,15,6.54,0,2023-08-20 16:00:00
20230822,1692633600000,6.370000000000001,6.420000000000001,6.1000000000000005,6.380000000000001,214034,134610613.0,0.0,15,6.3500000000000005,0,2023-08-21 16:00:00
20230823,1692720000000,6.35,6.7,6.25,6.55,271544,176780029.0,0.0,15,6.38,0,2023-08-22 16:00:00
20230824,1692806400000,6.59,6.6499999999999995,6.43,6.55,152460,99632386.00000001,0.0,15,6.55,0,2023-08-23 16:00:00
20230825,1692892800000,6.55,6.63,6.38,6.43,134034,87175682.0,0.0,15,6.55,0,2023-08-24 16:00:00
20230828,1693152000000,6.78,6.78,6.32,6.430000000000001,200045,130893125.0,0.0,15,6.430000000000001,0,2023-08-27 16:00:00
20230829,1693238400000,6.41,6.49,6.24,6.48,130049,83400012.0,0.0,15,6.430000000000001,0,2023-08-28 16:00:00
20230830,1693324800000,6.42,6.64,6.42,6.56,151555,98998158.0,0.0,15,6.4799999999999995,0,2023-08-29 16:00:00
20230831,1693411200000,6.56,7.11,6.54,6.97,441201,304066136.0,0.0,15,6.56,0,2023-08-30 16:00:00
20230901,1693497600000,7.11,7.170000000000001,6.890000000000001,7.15,293366,206442748.0,0.0,15,6.970000000000001,0,2023-08-31 16:00:00
20230904,1693756800000,7.22,7.34,7.17,7.2299999999999995,283464,204833876.0,0.0,15,7.15,0,2023-09-03 16:00:00
20230905,1693843200000,7.22,7.29,7.09,7.24,162567,116797685.00000001,0.0,15,7.2299999999999995,0,2023-09-04 16:00:00
20230906,1693929600000,7.2299999999999995,7.28,7.13,7.2299999999999995,94885,68370250.00000001,0.0,15,7.24,0,2023-09-05 16:00:00
20230907,1694016000000,7.25,7.300000000000001,7.07,7.09,151899,109019508.0,0.0,15,7.23,0,2023-09-06 16:00:00
20230908,1694102400000,7.01,7.109999999999999,6.97,7.02,91360,64130791.0,0.0,15,7.09,0,2023-09-07 16:00:00
20230911,1694361600000,7.03,7.130000000000001,6.86,6.930000000000001,142969,99480895.0,0.0,15,7.0200000000000005,0,2023-09-10 16:00:00
20230912,1694448000000,6.93,7.16,6.92,7.14,155549,110022517.0,0.0,15,6.93,0,2023-09-11 16:00:00
20230913,1694534400000,7.14,7.16,6.97,7.029999999999999,114852,81170110.0,0.0,15,7.14,0,2023-09-12 16:00:00
20230914,1694620800000,7.05,7.08,6.95,7.0,103255,72337827.0,0.0,15,7.03,0,2023-09-13 16:00:00
20230915,1694707200000,6.99,7.03,6.8500000000000005,6.87,133451,92063076.0,0.0,15,7.000000000000001,0,2023-09-14 16:00:00
20230918,1694966400000,6.87,6.970000000000001,6.74,6.930000000000001,99661,68317532.0,0.0,15,6.87,0,2023-09-17 16:00:00
20230919,1695052800000,6.88,6.95,6.82,6.8500000000000005,86824,59793012.0,0.0,15,6.930000000000001,0,2023-09-18 16:00:00
20230920,1695139200000,6.8500000000000005,7.0,6.78,6.9,92409,63910700.0,0.0,15,6.8500000000000005,0,2023-09-19 16:00:00
20230921,1695225600000,6.9,6.930000000000001,6.73,6.74,83770,57085290.0,0.0,15,6.9,0,2023-09-20 16:00:00
20230922,1695312000000,6.73,6.83,6.7,6.8100000000000005,67343,45615635.00000001,0.0,15,6.74,0,2023-09-21 16:00:00
20230925,1695571200000,6.8100000000000005,6.890000000000001,6.73,6.75,73142,49635314.0,0.0,15,6.8100000000000005,0,2023-09-24 16:00:00
20230926,1695657600000,6.73,6.8100000000000005,6.66,6.74,76342,51516832.0,0.0,15,6.75,0,2023-09-25 16:00:00
20230927,1695744000000,6.77,7.3,6.75,7.15,323287,229770131.0,0.0,15,6.74,0,2023-09-26 16:00:00
20230928,1695830400000,7.2,7.300000000000001,7.140000000000001,7.250000000000001,215333,155405921.0,0.0,15,7.15,0,2023-09-27 16:00:00
20231009,1696780800000,7.21,7.2299999999999995,6.63,7.0,300159,208271411.0,0.0,15,7.25,0,2023-10-08 16:00:00
20231010,1696867200000,7.05,7.1,6.92,7.07,146230,102778121.0,0.0,15,7.0,0,2023-10-09 16:00:00
20231011,1696953600000,7.0200000000000005,7.25,6.82,7.23,307418,215764531.00000003,0.0,15,7.07,0,2023-10-10 16:00:00
20231012,1697040000000,7.2299999999999995,7.279999999999999,6.97,6.989999999999999,188300,133357160.0,0.0,15,7.2299999999999995,0,2023-10-11 16:00:00
20231013,1697126400000,6.99,7.06,6.88,6.95,142789,99174438.0,0.0,15,6.99,0,2023-10-12 16:00:00
20231016,1697385600000,6.930000000000001,6.930000000000001,6.7700000000000005,6.78,124926,85238159.0,0.0,15,6.95,0,2023-10-15 16:00:00
20231017,1697472000000,6.78,7.0600000000000005,6.7,7.03,134396,92868715.00000001,0.0,15,6.78,0,2023-10-16 16:00:00
20231018,1697558400000,7.05,7.06,6.72,6.81,152484,104089220.0,0.0,15,7.029999999999999,0,2023-10-17 16:00:00
20231019,1697644800000,6.760000000000001,6.86,6.44,6.5200000000000005,163356,108418289.0,0.0,15,6.8100000000000005,0,2023-10-18 16:00:00
20231020,1697731200000,6.5200000000000005,6.58,6.37,6.4,106807,68860816.99999999,0.0,15,6.5200000000000005,0,2023-10-19 16:00:00
20231023,1697990400000,6.390000000000001,6.54,6.2,6.25,134710,85327913.0,0.0,15,6.4,0,2023-10-22 16:00:00
20231024,1698076800000,6.25,6.51,6.25,6.5,131713,84299992.0,0.0,15,6.25,0,2023-10-23 16:00:00
20231025,1698163200000,6.5,6.58,6.41,6.44,165407,107165483.99999999,0.0,15,6.5,0,2023-10-24 16:00:00
20231026,1698249600000,6.4,6.45,6.2,6.32,138660,87464031.00000001,0.0,15,6.44,0,2023-10-25 16:00:00
20231027,1698336000000,6.300000000000001,6.460000000000001,6.2700000000000005,6.420000000000001,155523,99149022.00000001,0.0,15,6.32,0,2023-10-26 16:00:00
20231030,1698595200000,6.37,6.59,6.03,6.25,318051,200201650.0,0.0,15,6.42,0,2023-10-29 16:00:00
20231031,1698681600000,6.2,6.3100000000000005,6.15,6.180000000000001,114846,71363118.0,0.0,15,6.25,0,2023-10-30 16:00:00
20231101,1698768000000,6.18,6.21,6.13,6.18,91799,56657271.0,0.0,15,6.18,0,2023-10-31 16:00:00
20231102,1698854400000,6.18,6.23,6.08,6.11,117960,72645136.00000001,0.0,15,6.18,0,2023-11-01 16:00:00
20231103,1698940800000,6.08,6.3100000000000005,6.08,6.2700000000000005,142529,88952545.99999999,0.0,15,6.11,0,2023-11-02 16:00:00
20231106,1699200000000,6.29,6.34,6.2,6.29,172325,107564489.0,0.0,15,6.2700000000000005,0,2023-11-05 16:00:00
20231107,1699286400000,6.25,6.6,6.22,6.529999999999999,259809,167622519.0,0.0,15,6.29,0,2023-11-06 16:00:00
20231108,1699372800000,6.510000000000001,6.540000000000001,6.3500000000000005,6.390000000000001,167341,107639693.0,0.0,15,6.53,0,2023-11-07 16:00:00
20231109,1699459200000,6.41,6.42,6.29,6.32,112145,71116484.0,0.0,15,6.39,0,2023-11-08 16:00:00
20231110,1699545600000,6.33,6.33,6.22,6.239999999999999,97343,60930929.0,0.0,15,6.319999999999999,0,2023-11-09 16:00:00
20231113,1699804800000,6.24,6.2700000000000005,6.0600000000000005,6.210000000000001,173862,106766086.00000001,0.0,15,6.24,0,2023-11-12 16:00:00
20231114,1699891200000,6.27,6.489999999999999,6.18,6.43,287476,182844114.0,0.0,15,6.21,0,2023-11-13 16:00:00
20231115,1699977600000,6.45,6.470000000000001,6.32,6.37,126003,80213962.0,0.0,15,6.430000000000001,0,2023-11-14 16:00:00
20231116,1700064000000,6.36,6.45,6.25,6.29,122932,77766039.0,0.0,15,6.37,0,2023-11-15 16:00:00
20231117,1700150400000,6.2700000000000005,6.32,6.16,6.22,118972,73842388.0,0.0,15,6.29,0,2023-11-16 16:00:00
20231120,1700409600000,6.22,6.84,6.18,6.84,487551,321586666.0,0.0,15,6.22,0,2023-11-19 16:00:00
20231121,1700496000000,6.88,6.89,6.71,6.7299999999999995,424427,287146115.0,0.0,15,6.84,0,2023-11-20 16:00:00
20231122,1700582400000,6.73,7.04,6.7,6.86,349053,240577576.00000003,0.0,15,6.73,0,2023-11-21 16:00:00
20231123,1700668800000,6.9,6.91,6.73,6.840000000000001,229561,156518212.0,0.0,15,6.86,0,2023-11-22 16:00:00
20231124,1700755200000,6.819999999999999,7.1899999999999995,6.8,7.13,504519,353731765.0,0.0,15,6.84,0,2023-11-23 16:00:00
20231127,1701014400000,7.0600000000000005,7.32,6.95,7.26,417114,297213541.00000006,0.0,15,7.13,0,2023-11-26 16:00:00
20231128,1701100800000,7.290000000000001,7.48,7.1000000000000005,7.130000000000001,315830,228217826.0,0.0,15,7.260000000000001,0,2023-11-27 16:00:00
20231129,1701187200000,7.15,7.19,7.0,7.14,272775,193941967.0,0.0,15,7.13,0,2023-11-28 16:00:00
20231130,1701273600000,7.13,7.21,6.96,7.02,194087,136626070.0,0.0,15,7.14,0,2023-11-29 16:00:00
20231201,1701360000000,7.07,7.220000000000001,6.98,7.03,197318,140048684.0,0.0,15,7.0200000000000005,0,2023-11-30 16:00:00
20231204,1701619200000,7.029999999999999,7.1499999999999995,6.97,7.09,220604,156114585.0,0.0,15,7.029999999999999,0,2023-12-03 16:00:00
20231205,1701705600000,7.1,7.15,6.88,6.91,185326,130288975.0,0.0,15,7.09,0,2023-12-04 16:00:00
20231206,1701792000000,6.88,7.01,6.75,6.92,241013,166137247.00000003,0.0,15,6.91,0,2023-12-05 16:00:00
20231207,1701878400000,6.91,6.99,6.79,6.82,192216,131946229.0,0.0,15,6.92,0,2023-12-06 16:00:00
20231208,1701964800000,6.790000000000001,6.8100000000000005,6.5200000000000005,6.54,267413,177495057.0,0.0,15,6.82,0,2023-12-07 16:00:00
20231211,1702224000000,6.53,6.59,6.3,6.319999999999999,304289,194757313.0,0.0,15,6.54,0,2023-12-10 16:00:00
20231212,1702310400000,6.28,6.33,5.95,6.0600000000000005,492896,298252258.0,0.0,15,6.32,0,2023-12-11 16:00:00
20231213,1702396800000,6.050000000000001,6.050000000000001,5.7700000000000005,5.79,357080,210132368.00000003,0.0,15,6.0600000000000005,0,2023-12-12 16:00:00
20231214,1702483200000,5.800000000000001,5.890000000000001,5.69,5.760000000000001,281423,163035151.0,0.0,15,5.79,0,2023-12-13 16:00:00
20231215,1702569600000,5.78,5.98,5.71,5.87,309450,180650172.0,0.0,15,5.76,0,2023-12-14 16:00:00
20231218,1702828800000,5.88,6.08,5.8,5.97,316701,189288992.00000003,0.0,15,5.87,0,2023-12-17 16:00:00
20231219,1702915200000,5.96,5.96,5.78,5.8100000000000005,174128,101476942.0,0.0,15,5.970000000000001,0,2023-12-18 16:00:00
20231220,1703001600000,5.81,5.84,5.59,5.63,216666,122886328.0,0.0,15,5.81,0,2023-12-19 16:00:00
20231221,1703088000000,5.61,5.7,5.44,5.680000000000001,201445,111898762.00000001,0.0,15,5.630000000000001,0,2023-12-20 16:00:00
20231222,1703174400000,5.680000000000001,5.71,5.57,5.58,126853,71409096.99999999,0.0,15,5.680000000000001,0,2023-12-21 16:00:00
20231225,1703433600000,5.6000000000000005,5.6000000000000005,5.45,5.5,135245,74274731.0,0.0,15,5.58,0,2023-12-24 16:00:00
20231226,1703520000000,5.5,5.53,5.41,5.46,102158,55761265.0,0.0,15,5.5,0,2023-12-25 16:00:00
20231227,1703606400000,5.48,5.550000000000001,5.44,5.510000000000001,162738,89514425.0,0.0,15,5.46,0,2023-12-26 16:00:00
20231228,1703692800000,5.5,5.59,5.43,5.54,151399,83528187.0,0.0,15,5.51,0,2023-12-27 16:00:00
20231229,1703779200000,5.550000000000001,5.680000000000001,5.48,5.630000000000001,177310,99300026.0,0.0,15,5.54,0,2023-12-28 16:00:00
