date,time,open,high,low,close,volume,amount,settelementPrice,openInterest,preClose,suspendFlag,datetime
20210104,1609689600000,10.2,10.25,10.03,10.18,39081,39692789.0,0.0,15,10.149999999999999,0,2021-01-03 16:00:00
20210105,1609776000000,10.090000000000002,10.170000000000002,9.790000000000001,10.030000000000001,64362,63987084.0,0.0,15,10.180000000000001,0,2021-01-04 16:00:00
20210106,1609862400000,9.950000000000001,10.040000000000001,9.370000000000001,9.49,70863,67968439.0,0.0,15,10.030000000000001,0,2021-01-05 16:00:00
20210107,1609948800000,9.450000000000001,9.49,8.73,8.82,89001,79768711.0,0.0,15,9.49,0,2021-01-06 16:00:00
20210108,1610035200000,8.799999999999999,9.1,8.45,8.84,74833,66421269.00000001,0.0,15,8.819999999999999,0,2021-01-07 16:00:00
20210111,1610294400000,8.95,9.14,8.59,8.62,61028,53662047.0,0.0,15,8.84,0,2021-01-10 16:00:00
20210112,1610380800000,8.68,9.1,8.5,8.67,78064,68627341.99999999,0.0,15,8.62,0,2021-01-11 16:00:00
20210113,1610467200000,8.71,8.75,8.32,8.49,60723,51477267.0,0.0,15,8.67,0,2021-01-12 16:00:00
20210114,1610553600000,8.5,8.799999999999999,8.36,8.639999999999999,62965,54440279.0,0.0,15,8.49,0,2021-01-13 16:00:00
20210115,1610640000000,8.63,9.01,8.57,8.94,81954,72623734.0,0.0,15,8.64,0,2021-01-14 16:00:00
20210118,1610899200000,8.870000000000001,9.670000000000002,8.870000000000001,9.290000000000001,105794,98525321.0,0.0,15,8.940000000000001,0,2021-01-17 16:00:00
20210119,1610985600000,9.219999999999999,9.6,9.1,9.58,83213,77877957.0,0.0,15,9.29,0,2021-01-18 16:00:00
20210120,1611072000000,9.58,9.58,9.26,9.33,56891,53307369.0,0.0,15,9.58,0,2021-01-19 16:00:00
20210121,1611158400000,9.31,9.450000000000001,9.15,9.21,76477,71019291.0,0.0,15,9.33,0,2021-01-20 16:00:00
20210122,1611244800000,8.8,8.93,8.42,8.8,103399,90321187.0,0.0,15,9.21,0,2021-01-21 16:00:00
20210125,1611504000000,8.59,8.65,7.57,7.62,167345,134005904.00000001,0.0,15,8.8,0,2021-01-24 16:00:00
20210126,1611590400000,7.62,8.28,7.46,7.56,142225,110668105.0,0.0,15,7.62,0,2021-01-25 16:00:00
20210127,1611676800000,7.5200000000000005,7.66,7.2,7.390000000000001,87204,64928747.99999999,0.0,15,7.5600000000000005,0,2021-01-26 16:00:00
20210128,1611763200000,7.38,7.74,7.33,7.45,92142,69625193.00000001,0.0,15,7.39,0,2021-01-27 16:00:00
20210129,1611849600000,7.53,7.7,7.15,7.29,98587,72189654.0,0.0,15,7.45,0,2021-01-28 16:00:00
20210201,1612108800000,6.5,7.36,6.5,7.17,126626,89778571.0,0.0,15,7.29,0,2021-01-31 16:00:00
20210202,1612195200000,7.239999999999999,7.79,7.22,7.33,110839,82408704.0,0.0,15,7.17,0,2021-02-01 16:00:00
20210203,1612281600000,7.2,7.3500000000000005,6.99,7.15,76462,54492648.00000001,0.0,15,7.33,0,2021-02-02 16:00:00
20210204,1612368000000,7.1000000000000005,7.2,6.8500000000000005,7.1000000000000005,61425,42812680.0,0.0,15,7.15,0,2021-02-03 16:00:00
20210205,1612454400000,7.07,7.2700000000000005,6.890000000000001,6.91,56917,40073417.0,0.0,15,7.1000000000000005,0,2021-02-04 16:00:00
20210208,1612713600000,6.91,7.05,6.66,6.72,63888,43495072.0,0.0,15,6.91,0,2021-02-07 16:00:00
20210209,1612800000000,6.72,6.8500000000000005,6.62,6.79,61168,41236013.0,0.0,15,6.72,0,2021-02-08 16:00:00
20210210,1612886400000,6.86,6.95,6.71,6.92,57173,39253927.0,0.0,15,6.79,0,2021-02-09 16:00:00
20210218,1613577600000,7.0,7.430000000000001,6.99,7.38,74608,54346710.00000001,0.0,15,6.92,0,2021-02-17 16:00:00
20210219,1613664000000,7.41,7.94,7.390000000000001,7.890000000000001,86257,66456232.00000001,0.0,15,7.380000000000001,0,2021-02-18 16:00:00
20210222,1613923200000,7.94,8.35,7.94,8.14,94779,77344386.0,0.0,15,7.890000000000001,0,2021-02-21 16:00:00
20210223,1614009600000,8.17,8.35,7.82,7.83,72998,58397608.0,0.0,15,8.14,0,2021-02-22 16:00:00
20210224,1614096000000,7.88,8.25,7.82,7.930000000000001,100757,80670067.0,0.0,15,7.83,0,2021-02-23 16:00:00
20210225,1614182400000,8.0,8.14,7.78,7.87,62540,49430473.99999999,0.0,15,7.930000000000001,0,2021-02-24 16:00:00
20210226,1614268800000,7.79,8.27,7.65,8.1,82793,66733165.00000001,0.0,15,7.87,0,2021-02-25 16:00:00
20210301,1614528000000,8.26,8.74,8.25,8.72,93865,80388652.0,0.0,15,8.1,0,2021-02-28 16:00:00
20210302,1614614400000,8.7,8.739999999999998,8.45,8.58,77923,66889025.0,0.0,15,8.719999999999999,0,2021-03-01 16:00:00
20210303,1614700800000,8.66,8.83,8.44,8.68,66453,56998251.0,0.0,15,8.58,0,2021-03-02 16:00:00
20210304,1614787200000,8.57,8.639999999999999,8.35,8.459999999999999,59097,50089064.0,0.0,15,8.68,0,2021-03-03 16:00:00
20210305,1614873600000,8.5,8.600000000000001,8.38,8.47,49899,42390978.0,0.0,15,8.46,0,2021-03-04 16:00:00
20210308,1615132800000,8.41,8.58,8.25,8.3,54186,45595155.0,0.0,15,8.47,0,2021-03-07 16:00:00
20210309,1615219200000,8.35,8.37,7.96,8.04,53173,43239964.00000001,0.0,15,8.3,0,2021-03-08 16:00:00
20210310,1615305600000,8.200000000000001,8.25,7.57,7.62,51937,40498287.0,0.0,15,8.040000000000001,0,2021-03-09 16:00:00
20210311,1615392000000,7.62,7.78,7.4,7.65,63356,48088205.00000001,0.0,15,7.62,0,2021-03-10 16:00:00
20210312,1615478400000,7.77,7.81,7.38,7.4399999999999995,52081,39351904.00000001,0.0,15,7.65,0,2021-03-11 16:00:00
20210315,1615737600000,7.5,7.57,7.36,7.46,36695,27377964.0,0.0,15,7.44,0,2021-03-14 16:00:00
20210316,1615824000000,7.540000000000001,7.630000000000001,7.3500000000000005,7.48,43411,32359941.0,0.0,15,7.460000000000001,0,2021-03-15 16:00:00
20210317,1615910400000,7.460000000000001,7.6000000000000005,7.3500000000000005,7.500000000000001,42791,31963841.000000004,0.0,15,7.48,0,2021-03-16 16:00:00
20210318,1615996800000,7.52,7.58,7.22,7.29,50439,36976552.0,0.0,15,7.5,0,2021-03-17 16:00:00
20210319,1616083200000,7.09,7.35,7.09,7.1899999999999995,49363,35757494.0,0.0,15,7.29,0,2021-03-18 16:00:00
20210322,1616342400000,7.22,7.529999999999999,7.22,7.52,47425,35013244.0,0.0,15,7.1899999999999995,0,2021-03-21 16:00:00
20210323,1616428800000,7.53,7.6,7.3,7.3999999999999995,57588,42856871.0,0.0,15,7.52,0,2021-03-22 16:00:00
20210324,1616515200000,7.38,7.46,7.21,7.36,48860,35857517.00000001,0.0,15,7.4,0,2021-03-23 16:00:00
20210325,1616601600000,7.36,7.54,7.19,7.430000000000001,54115,39977119.0,0.0,15,7.36,0,2021-03-24 16:00:00
20210326,1616688000000,7.3999999999999995,7.49,7.34,7.46,44911,33263546.000000004,0.0,15,7.43,0,2021-03-25 16:00:00
20210329,1616947200000,7.46,7.53,7.17,7.25,69604,50915094.0,0.0,15,7.46,0,2021-03-28 16:00:00
20210330,1617033600000,7.31,7.31,6.93,6.97,57210,40204998.0,0.0,15,7.25,0,2021-03-29 16:00:00
20210331,1617120000000,6.99,7.22,6.87,7.05,54687,38548052.0,0.0,15,6.97,0,2021-03-30 16:00:00
20210401,1617206400000,7.1000000000000005,7.140000000000001,6.95,6.99,28954,20259687.000000004,0.0,15,7.05,0,2021-03-31 16:00:00
20210402,1617292800000,6.99,7.130000000000001,6.890000000000001,7.1000000000000005,34687,24351169.0,0.0,15,6.99,0,2021-04-01 16:00:00
20210406,1617638400000,7.1,7.38,7.08,7.38,54763,39682176.0,0.0,15,7.1,0,2021-04-05 16:00:00
20210407,1617724800000,7.3100000000000005,7.48,7.3100000000000005,7.420000000000001,47613,35234446.0,0.0,15,7.380000000000001,0,2021-04-06 16:00:00
20210408,1617811200000,7.3999999999999995,7.55,7.26,7.27,47745,35241315.0,0.0,15,7.42,0,2021-04-07 16:00:00
20210409,1617897600000,7.24,7.31,7.13,7.17,36545,26306859.0,0.0,15,7.27,0,2021-04-08 16:00:00
20210412,1618156800000,7.19,7.22,6.96,6.99,38253,26973928.000000004,0.0,15,7.17,0,2021-04-11 16:00:00
20210413,1618243200000,6.9799999999999995,7.0,6.84,6.91,47110,32567823.0,0.0,15,6.99,0,2021-04-12 16:00:00
20210414,1618329600000,6.91,7.17,6.82,7.12,69940,48974823.0,0.0,15,6.91,0,2021-04-13 16:00:00
20210415,1618416000000,7.12,7.180000000000001,6.95,6.99,54497,38321343.0,0.0,15,7.12,0,2021-04-14 16:00:00
20210416,1618502400000,6.97,7.26,6.93,7.21,65500,46892514.0,0.0,15,6.989999999999999,0,2021-04-15 16:00:00
20210419,1618761600000,7.48,7.78,7.33,7.61,205677,154497353.0,0.0,15,7.21,0,2021-04-18 16:00:00
20210420,1618848000000,7.529999999999999,7.81,7.47,7.67,182744,139527817.0,0.0,15,7.609999999999999,0,2021-04-19 16:00:00
20210421,1618934400000,7.609999999999999,7.9399999999999995,7.55,7.77,169110,131620138.00000001,0.0,15,7.67,0,2021-04-20 16:00:00
20210422,1619020800000,7.75,7.99,7.7,7.79,145033,113971764.0,0.0,15,7.7700000000000005,0,2021-04-21 16:00:00
20210423,1619107200000,7.79,7.819999999999999,7.47,7.55,124167,94376427.0,0.0,15,7.79,0,2021-04-22 16:00:00
20210426,1619366400000,7.540000000000001,7.5600000000000005,7.2700000000000005,7.29,82709,61149339.0,0.0,15,7.550000000000001,0,2021-04-25 16:00:00
20210427,1619452800000,7.25,7.319999999999999,6.97,7.01,76850,54443150.0,0.0,15,7.29,0,2021-04-26 16:00:00
20210428,1619539200000,6.99,7.06,6.88,6.91,66694,46374870.0,0.0,15,7.01,0,2021-04-27 16:00:00
20210429,1619625600000,6.7,6.95,6.53,6.8100000000000005,83658,56444046.0,0.0,15,6.91,0,2021-04-28 16:00:00
20210430,1619712000000,6.8100000000000005,6.86,6.32,6.37,99387,64779701.0,0.0,15,6.8100000000000005,0,2021-04-29 16:00:00
20210506,1620230400000,6.4,6.45,6.11,6.140000000000001,82303,51129646.0,0.0,15,6.37,0,2021-05-05 16:00:00
20210507,1620316800000,6.140000000000001,6.23,6.0200000000000005,6.2,58191,35723351.0,0.0,15,6.140000000000001,0,2021-05-06 16:00:00
20210510,1620576000000,6.180000000000001,6.3100000000000005,6.03,6.260000000000001,69430,42836693.00000001,0.0,15,6.2,0,2021-05-09 16:00:00
20210511,1620662400000,6.25,6.42,6.17,6.38,61302,38685323.0,0.0,15,6.26,0,2021-05-10 16:00:00
20210512,1620748800000,6.36,6.510000000000001,6.32,6.430000000000001,46815,30044211.000000004,0.0,15,6.38,0,2021-05-11 16:00:00
20210513,1620835200000,6.4399999999999995,6.51,6.3,6.34,49444,31569374.0,0.0,15,6.43,0,2021-05-12 16:00:00
20210514,1620921600000,6.37,6.5600000000000005,6.3100000000000005,6.470000000000001,55853,35989175.0,0.0,15,6.340000000000001,0,2021-05-13 16:00:00
20210517,1621180800000,6.55,6.56,6.01,6.029999999999999,111579,68865881.99999999,0.0,15,6.47,0,2021-05-16 16:00:00
20210518,1621267200000,6.0,6.07,5.95,6.04,42658,25681437.0,0.0,15,6.03,0,2021-05-17 16:00:00
20210519,1621353600000,6.010000000000001,6.0200000000000005,5.82,5.890000000000001,62821,37174574.0,0.0,15,6.04,0,2021-05-18 16:00:00
20210520,1621440000000,5.91,5.93,5.72,5.8999999999999995,67566,39358870.0,0.0,15,5.89,0,2021-05-19 16:00:00
20210521,1621526400000,5.8999999999999995,6.109999999999999,5.84,6.04,69798,41855133.0,0.0,15,5.8999999999999995,0,2021-05-20 16:00:00
20210524,1621785600000,5.99,6.28,5.98,6.23,73401,45244002.0,0.0,15,6.04,0,2021-05-23 16:00:00
20210525,1621872000000,6.23,6.2700000000000005,6.15,6.180000000000001,52912,32744677.0,0.0,15,6.23,0,2021-05-24 16:00:00
20210526,1621958400000,6.2,6.46,6.15,6.380000000000001,134155,84775302.0,0.0,15,6.180000000000001,0,2021-05-25 16:00:00
20210527,1622044800000,6.37,6.37,6.19,6.24,103309,64658129.0,0.0,15,6.380000000000001,0,2021-05-26 16:00:00
20210528,1622131200000,6.26,6.2700000000000005,6.04,6.07,79979,48993067.0,0.0,15,6.24,0,2021-05-27 16:00:00
20210531,1622390400000,6.090000000000001,6.380000000000001,6.0600000000000005,6.28,95191,59416852.0,0.0,15,6.07,0,2021-05-30 16:00:00
20210601,1622476800000,6.28,6.59,6.2,6.36,113969,73122836.0,0.0,15,6.28,0,2021-05-31 16:00:00
20210602,1622563200000,6.43,6.55,6.25,6.26,68730,43702623.00000001,0.0,15,6.36,0,2021-06-01 16:00:00
20210603,1622649600000,6.279999999999999,6.42,6.22,6.319999999999999,56302,35679606.0,0.0,15,6.26,0,2021-06-02 16:00:00
20210604,1622736000000,6.27,6.359999999999999,6.18,6.25,47438,29682167.0,0.0,15,6.319999999999999,0,2021-06-03 16:00:00
20210607,1622995200000,6.21,6.4399999999999995,6.18,6.42,67864,43027403.0,0.0,15,6.25,0,2021-06-06 16:00:00
20210608,1623081600000,6.42,6.65,6.36,6.54,89582,58306045.0,0.0,15,6.42,0,2021-06-07 16:00:00
20210609,1623168000000,6.5200000000000005,6.8500000000000005,6.49,6.7700000000000005,128691,86243008.0,0.0,15,6.54,0,2021-06-08 16:00:00
20210610,1623254400000,6.82,7.12,6.71,7.05,162724,112677781.0,0.0,15,6.77,0,2021-06-09 16:00:00
20210611,1623340800000,7.0,7.13,6.88,6.89,135072,94165855.0,0.0,15,7.05,0,2021-06-10 16:00:00
20210615,1623686400000,6.83,7.24,6.76,7.17,144735,102313682.00000001,0.0,15,6.89,0,2021-06-14 16:00:00
20210616,1623772800000,7.08,7.140000000000001,6.91,7.08,106960,75078851.0,0.0,15,7.17,0,2021-06-15 16:00:00
20210617,1623859200000,7.01,7.08,6.8,6.9399999999999995,92426,63839656.0,0.0,15,7.08,0,2021-06-16 16:00:00
20210618,1623945600000,6.92,7.18,6.83,7.08,106559,74761699.99999999,0.0,15,6.94,0,2021-06-17 16:00:00
20210621,1624204800000,7.0,7.4,7.0,7.21,99489,71889663.0,0.0,15,7.08,0,2021-06-20 16:00:00
20210622,1624291200000,7.220000000000001,7.25,6.99,7.05,82082,58065876.00000001,0.0,15,7.21,0,2021-06-21 16:00:00
20210623,1624377600000,7.05,7.13,6.88,7.04,74528,52031611.99999999,0.0,15,7.05,0,2021-06-22 16:00:00
20210624,1624464000000,7.04,7.07,6.7,6.8,65986,45507178.0,0.0,15,7.04,0,2021-06-23 16:00:00
20210625,1624550400000,6.79,6.87,6.57,6.6000000000000005,83078,55458063.0,0.0,15,6.800000000000001,0,2021-06-24 16:00:00
20210628,1624809600000,6.62,6.68,6.54,6.63,69536,45820505.0,0.0,15,6.6,0,2021-06-27 16:00:00
20210629,1624896000000,6.62,6.87,6.49,6.53,104623,69711272.0,0.0,15,6.63,0,2021-06-28 16:00:00
20210630,1624982400000,6.46,6.79,6.45,6.680000000000001,108724,72579864.0,0.0,15,6.53,0,2021-06-29 16:00:00
20210701,1625068800000,6.71,8.02,6.65,8.02,576163,452207865.0,0.0,15,6.680000000000001,0,2021-06-30 16:00:00
20210702,1625155200000,7.9,7.95,7.46,7.6,527542,405512109.0,0.0,15,8.02,0,2021-07-01 16:00:00
20210705,1625414400000,8.68,8.88,7.62,7.69,444866,352141462.0,0.0,15,7.6000000000000005,0,2021-07-04 16:00:00
20210706,1625500800000,7.6000000000000005,7.890000000000001,7.2,7.3500000000000005,340875,252646664.0,0.0,15,7.69,0,2021-07-05 16:00:00
20210707,1625587200000,6.66,6.82,6.3500000000000005,6.5200000000000005,452575,296585528.0,0.0,15,7.3500000000000005,0,2021-07-06 16:00:00
20210708,1625673600000,6.49,6.49,6.140000000000001,6.140000000000001,332984,208736585.0,0.0,15,6.5200000000000005,0,2021-07-07 16:00:00
20210709,1625760000000,5.98,6.23,5.91,6.13,209303,126997187.00000001,0.0,15,6.140000000000001,0,2021-07-08 16:00:00
20210712,1626019200000,6.04,6.21,6.03,6.180000000000001,167060,102745976.0,0.0,15,6.13,0,2021-07-11 16:00:00
20210713,1626105600000,6.1499999999999995,6.4,6.13,6.33,183060,115096263.0,0.0,15,6.18,0,2021-07-12 16:00:00
20210714,1626192000000,6.32,6.390000000000001,6.16,6.17,126612,78862515.00000001,0.0,15,6.33,0,2021-07-13 16:00:00
20210715,1626278400000,6.16,6.170000000000001,5.94,6.010000000000001,112510,67687736.0,0.0,15,6.170000000000001,0,2021-07-14 16:00:00
20210716,1626364800000,6.25,6.33,6.12,6.21,150617,93814710.0,0.0,15,6.01,0,2021-07-15 16:00:00
20210719,1626624000000,6.0600000000000005,6.2,5.98,6.19,101564,61640232.0,0.0,15,6.210000000000001,0,2021-07-18 16:00:00
20210720,1626710400000,6.1000000000000005,6.13,5.99,6.0600000000000005,92785,56064903.0,0.0,15,6.19,0,2021-07-19 16:00:00
20210721,1626796800000,6.08,6.15,6.04,6.12,85054,51861544.0,0.0,15,6.06,0,2021-07-20 16:00:00
20210722,1626883200000,6.11,6.12,6.03,6.05,82503,50006364.0,0.0,15,6.12,0,2021-07-21 16:00:00
20210723,1626969600000,6.04,6.05,5.74,5.74,129371,75341484.0,0.0,15,6.05,0,2021-07-22 16:00:00
20210726,1627228800000,5.69,5.74,5.53,5.57,77375,43465735.0,0.0,15,5.74,0,2021-07-25 16:00:00
20210727,1627315200000,5.5,5.83,5.5,5.65,73779,41943422.0,0.0,15,5.57,0,2021-07-26 16:00:00
20210728,1627401600000,5.58,5.63,5.39,5.449999999999999,63244,34667279.0,0.0,15,5.6499999999999995,0,2021-07-27 16:00:00
20210729,1627488000000,5.5,5.82,5.5,5.67,75802,43021192.0,0.0,15,5.45,0,2021-07-28 16:00:00
20210730,1627574400000,5.6000000000000005,5.750000000000001,5.6000000000000005,5.73,48790,27792337.000000004,0.0,15,5.670000000000001,0,2021-07-29 16:00:00
20210802,1627833600000,5.699999999999999,5.92,5.64,5.8999999999999995,75813,44119413.0,0.0,15,5.7299999999999995,0,2021-08-01 16:00:00
20210803,1627920000000,5.86,6.04,5.83,5.96,85042,50806633.0,0.0,15,5.9,0,2021-08-02 16:00:00
20210804,1628006400000,5.95,6.000000000000001,5.8500000000000005,5.930000000000001,59327,35076958.0,0.0,15,5.960000000000001,0,2021-08-03 16:00:00
20210805,1628092800000,5.91,5.91,5.76,5.779999999999999,52053,30259644.999999996,0.0,15,5.93,0,2021-08-04 16:00:00
20210806,1628179200000,5.800000000000001,5.82,5.69,5.760000000000001,44163,25292453.0,0.0,15,5.78,0,2021-08-05 16:00:00
20210809,1628438400000,5.75,5.86,5.66,5.84,43280,25026189.0,0.0,15,5.76,0,2021-08-08 16:00:00
20210810,1628524800000,5.85,5.95,5.8,5.91,51233,30192566.000000004,0.0,15,5.84,0,2021-08-09 16:00:00
20210811,1628611200000,5.88,5.91,5.82,5.86,56658,33156883.000000004,0.0,15,5.91,0,2021-08-10 16:00:00
20210812,1628697600000,5.819999999999999,5.97,5.8,5.9399999999999995,77766,45939351.99999999,0.0,15,5.859999999999999,0,2021-08-11 16:00:00
20210813,1628784000000,5.91,5.930000000000001,5.7,5.79,77628,45088328.0,0.0,15,5.94,0,2021-08-12 16:00:00
20210816,1629043200000,5.7299999999999995,5.79,5.68,5.76,45685,26197193.0,0.0,15,5.79,0,2021-08-15 16:00:00
20210817,1629129600000,5.73,5.750000000000001,5.5600000000000005,5.58,62354,35286851.0,0.0,15,5.760000000000001,0,2021-08-16 16:00:00
20210818,1629216000000,5.6000000000000005,5.69,5.53,5.680000000000001,48123,27013446.0,0.0,15,5.58,0,2021-08-17 16:00:00
20210819,1629302400000,5.67,5.720000000000001,5.61,5.65,34320,19425587.0,0.0,15,5.680000000000001,0,2021-08-18 16:00:00
20210820,1629388800000,5.609999999999999,5.64,5.47,5.54,50306,27819115.0,0.0,15,5.6499999999999995,0,2021-08-19 16:00:00
20210823,1629648000000,5.54,5.71,5.54,5.71,54877,31130576.0,0.0,15,5.54,0,2021-08-22 16:00:00
20210824,1629734400000,5.7,5.74,5.63,5.66,43074,24422028.0,0.0,15,5.71,0,2021-08-23 16:00:00
20210825,1629820800000,5.64,5.71,5.62,5.68,29939,16981554.999999996,0.0,15,5.66,0,2021-08-24 16:00:00
20210826,1629907200000,5.66,5.960000000000001,5.5600000000000005,5.87,119878,69086911.99999999,0.0,15,5.680000000000001,0,2021-08-25 16:00:00
20210827,1629993600000,5.77,5.81,5.63,5.63,77665,44346819.0,0.0,15,5.87,0,2021-08-26 16:00:00
20210830,1630252800000,5.279999999999999,5.35,4.89,4.9399999999999995,177041,90378173.0,0.0,15,5.63,0,2021-08-29 16:00:00
20210831,1630339200000,4.94,5.220000000000001,4.9,5.0200000000000005,88671,44469419.0,0.0,15,4.94,0,2021-08-30 16:00:00
20210901,1630425600000,4.97,5.1899999999999995,4.92,5.09,68121,34466710.00000001,0.0,15,5.02,0,2021-08-31 16:00:00
20210902,1630512000000,5.08,5.1,5.01,5.06,40580,20520926.0,0.0,15,5.09,0,2021-09-01 16:00:00
20210903,1630598400000,5.08,5.23,5.08,5.17,69415,35893905.0,0.0,15,5.0600000000000005,0,2021-09-02 16:00:00
20210906,1630857600000,5.1499999999999995,5.22,5.14,5.199999999999999,38313,19844283.0,0.0,15,5.17,0,2021-09-05 16:00:00
20210907,1630944000000,5.2,5.380000000000001,5.15,5.36,79139,41918978.0,0.0,15,5.2,0,2021-09-06 16:00:00
20210908,1631030400000,5.319999999999999,5.58,5.3,5.55,93313,50962301.0,0.0,15,5.359999999999999,0,2021-09-07 16:00:00
20210909,1631116800000,5.54,5.550000000000001,5.36,5.42,65345,35539302.00000001,0.0,15,5.550000000000001,0,2021-09-08 16:00:00
20210910,1631203200000,5.3999999999999995,5.41,5.26,5.31,49432,26327189.0,0.0,15,5.42,0,2021-09-09 16:00:00
20210913,1631462400000,5.28,5.5200000000000005,5.24,5.46,62385,33836804.0,0.0,15,5.3100000000000005,0,2021-09-12 16:00:00
20210914,1631548800000,5.45,5.54,5.33,5.34,51667,28141650.999999996,0.0,15,5.46,0,2021-09-13 16:00:00
20210915,1631635200000,5.380000000000001,5.5600000000000005,5.3100000000000005,5.500000000000001,66504,36410978.0,0.0,15,5.340000000000001,0,2021-09-14 16:00:00
20210916,1631721600000,5.51,5.61,5.41,5.43,48156,26447452.0,0.0,15,5.5,0,2021-09-15 16:00:00
20210917,1631808000000,5.41,5.45,5.17,5.2299999999999995,56225,29612405.0,0.0,15,5.43,0,2021-09-16 16:00:00
20210922,1632240000000,5.21,5.29,5.17,5.2299999999999995,30024,15663772.000000002,0.0,15,5.2299999999999995,0,2021-09-21 16:00:00
20210923,1632326400000,5.23,5.36,5.23,5.32,31581,16779073.0,0.0,15,5.23,0,2021-09-22 16:00:00
20210924,1632412800000,5.34,5.37,5.17,5.17,37614,19771514.0,0.0,15,5.32,0,2021-09-23 16:00:00
20210927,1632672000000,5.2,5.24,4.99,5.1000000000000005,39973,20392072.0,0.0,15,5.17,0,2021-09-26 16:00:00
20210928,1632758400000,5.11,5.17,5.0,5.05,21582,10892327.0,0.0,15,5.1,0,2021-09-27 16:00:00
20210929,1632844800000,5.050000000000001,5.050000000000001,4.9,4.91,34586,17145793.0,0.0,15,5.050000000000001,0,2021-09-28 16:00:00
20210930,1632931200000,4.92,5.15,4.92,5.08,32623,16480526.0,0.0,15,4.91,0,2021-09-29 16:00:00
20211008,1633622400000,5.09,6.1,5.09,6.1,333501,198841859.00000003,0.0,15,5.08,0,2021-10-07 16:00:00
20211011,1633881600000,6.03,7.32,6.03,7.32,442499,298852293.0,0.0,15,6.1000000000000005,0,2021-10-10 16:00:00
20211012,1633968000000,7.66,7.75,6.57,6.82,624923,434346529.0,0.0,15,7.32,0,2021-10-11 16:00:00
20211013,1634054400000,6.82,7.5,6.73,6.91,502514,352632033.0,0.0,15,6.82,0,2021-10-12 16:00:00
20211014,1634140800000,6.43,7.2,6.08,6.75,516031,332830021.00000006,0.0,15,6.91,0,2021-10-13 16:00:00
20211015,1634227200000,6.86,8.1,6.82,8.1,696885,539627490.0,0.0,15,6.75,0,2021-10-14 16:00:00
20211018,1634486400000,7.95,8.66,7.26,8.29,771958,596603742.0,0.0,15,8.1,0,2021-10-17 16:00:00
20211019,1634572800000,7.79,8.280000000000001,7.65,8.02,522848,415321189.00000006,0.0,15,8.290000000000001,0,2021-10-18 16:00:00
20211020,1634659200000,7.81,8.49,7.55,8.33,504777,404427433.00000006,0.0,15,8.02,0,2021-10-19 16:00:00
20211021,1634745600000,8.1,9.52,7.96,9.05,598086,529616176.99999994,0.0,15,8.33,0,2021-10-20 16:00:00
20211022,1634832000000,9.299999999999999,9.469999999999999,8.52,8.78,465686,418438231.0,0.0,15,9.049999999999999,0,2021-10-21 16:00:00
20211025,1635091200000,8.299999999999999,8.899999999999999,8.11,8.57,328170,280838804.00000006,0.0,15,8.78,0,2021-10-24 16:00:00
20211026,1635177600000,8.47,8.54,7.8,7.89,380362,307620978.0,0.0,15,8.57,0,2021-10-25 16:00:00
20211027,1635264000000,7.580000000000001,8.100000000000001,7.3500000000000005,7.91,311609,239876362.00000003,0.0,15,7.890000000000001,0,2021-10-26 16:00:00
20211028,1635350400000,7.7,8.030000000000001,7.390000000000001,7.550000000000001,221396,170843309.0,0.0,15,7.91,0,2021-10-27 16:00:00
20211029,1635436800000,7.630000000000001,8.27,7.3100000000000005,8.05,339133,267892641.0,0.0,15,7.550000000000001,0,2021-10-28 16:00:00
20211101,1635696000000,8.06,8.25,7.8,8.01,231514,184794659.99999997,0.0,15,8.05,0,2021-10-31 16:00:00
20211102,1635782400000,7.98,7.98,7.44,7.45,224509,171882495.0,0.0,15,8.01,0,2021-11-01 16:00:00
20211103,1635868800000,7.43,7.55,7.18,7.29,164141,119732729.0,0.0,15,7.449999999999999,0,2021-11-02 16:00:00
20211104,1635955200000,7.300000000000001,7.65,7.19,7.58,199303,149104427.0,0.0,15,7.29,0,2021-11-03 16:00:00
20211105,1636041600000,7.5,9.1,7.45,9.1,409009,352867592.0,0.0,15,7.58,0,2021-11-04 16:00:00
20211108,1636300800000,9.520000000000001,10.47,9.200000000000001,9.73,708264,689895613.0,0.0,15,9.100000000000001,0,2021-11-07 16:00:00
20211109,1636387200000,9.63,10.18,9.17,9.84,516279,495782639.0,0.0,15,9.73,0,2021-11-08 16:00:00
20211110,1636473600000,9.7,9.8,9.33,9.73,362344,347055743.0,0.0,15,9.84,0,2021-11-09 16:00:00
20211111,1636560000000,10.05,10.89,9.89,10.26,527664,547748567.0,0.0,15,9.73,0,2021-11-10 16:00:00
20211112,1636646400000,10.42,10.86,9.82,9.88,435463,446821729.0,0.0,15,10.26,0,2021-11-11 16:00:00
20211115,1636905600000,9.57,10.030000000000001,9.24,9.38,348881,331302088.99999994,0.0,15,9.88,0,2021-11-14 16:00:00
20211116,1636992000000,9.450000000000001,10.830000000000002,9.370000000000001,9.89,462106,457977610.0,0.0,15,9.38,0,2021-11-15 16:00:00
20211117,1637078400000,9.62,9.83,9.28,9.7,291476,277333030.0,0.0,15,9.889999999999999,0,2021-11-16 16:00:00
20211118,1637164800000,9.549999999999999,9.6,9.02,9.049999999999999,267206,246845161.99999997,0.0,15,9.7,0,2021-11-17 16:00:00
20211119,1637251200000,9.240000000000002,9.240000000000002,8.700000000000001,8.88,236538,209633322.0,0.0,15,9.05,0,2021-11-18 16:00:00
20211122,1637510400000,8.700000000000001,9.35,8.57,9.33,285159,254095166.00000003,0.0,15,8.88,0,2021-11-21 16:00:00
20211123,1637596800000,9.34,9.42,8.93,9.01,205569,186181898.0,0.0,15,9.33,0,2021-11-22 16:00:00
20211124,1637683200000,8.75,9.25,8.75,9.18,204123,185182372.0,0.0,15,9.01,0,2021-11-23 16:00:00
20211125,1637769600000,9.28,9.29,8.78,8.79,144112,128582398.00000001,0.0,15,9.18,0,2021-11-24 16:00:00
20211126,1637856000000,8.639999999999999,9.18,8.28,9.16,262239,232064474.0,0.0,15,8.79,0,2021-11-25 16:00:00
20211129,1638115200000,8.950000000000001,9.250000000000002,8.870000000000001,9.030000000000001,144474,129911784.0,0.0,15,9.16,0,2021-11-28 16:00:00
20211130,1638201600000,9.120000000000001,9.590000000000002,9.040000000000001,9.05,191906,177752096.0,0.0,15,9.030000000000001,0,2021-11-29 16:00:00
20211201,1638288000000,8.91,9.469999999999999,8.86,9.28,194489,179579093.00000003,0.0,15,9.049999999999999,0,2021-11-30 16:00:00
20211202,1638374400000,9.2,9.370000000000001,8.66,8.66,179489,160903711.0,0.0,15,9.28,0,2021-12-01 16:00:00
20211203,1638460800000,8.66,8.85,8.1,8.1,219950,182686449.0,0.0,15,8.66,0,2021-12-02 16:00:00
20211206,1638720000000,8.11,9.719999999999999,8.11,9.719999999999999,420474,386846733.99999994,0.0,15,8.1,0,2021-12-05 16:00:00
20211207,1638806400000,9.719999999999999,10.62,9.35,9.89,594350,593336401.0,0.0,15,9.719999999999999,0,2021-12-06 16:00:00
20211208,1638892800000,9.74,9.770000000000001,9.14,9.530000000000001,363506,342936613.0,0.0,15,9.89,0,2021-12-07 16:00:00
20211209,1638979200000,9.65,9.66,9.17,9.17,236129,221013046.0,0.0,15,9.53,0,2021-12-08 16:00:00
20211210,1639065600000,9.18,9.32,8.75,8.81,227626,204874408.0,0.0,15,9.17,0,2021-12-09 16:00:00
20211213,1639324800000,8.82,9.07,8.74,8.89,158860,140724122.0,0.0,15,8.81,0,2021-12-12 16:00:00
20211214,1639411200000,8.83,9.49,8.73,9.27,233638,215652918.00000003,0.0,15,8.89,0,2021-12-13 16:00:00
20211215,1639497600000,9.299999999999999,10.83,9.27,9.67,393172,392701894.0,0.0,15,9.27,0,2021-12-14 16:00:00
20211216,1639584000000,9.72,10.09,9.58,9.86,310077,303929638.0,0.0,15,9.67,0,2021-12-15 16:00:00
20211217,1639670400000,9.690000000000001,9.840000000000002,9.200000000000001,9.200000000000001,254124,241259608.00000003,0.0,15,9.860000000000001,0,2021-12-16 16:00:00
20211220,1639929600000,9.2,9.209999999999999,8.76,8.799999999999999,175618,156275133.00000003,0.0,15,9.2,0,2021-12-19 16:00:00
20211221,1640016000000,8.92,9.59,8.66,8.9,197292,177777248.0,0.0,15,8.8,0,2021-12-20 16:00:00
20211222,1640102400000,8.66,8.95,8.66,8.93,128994,113786331.0,0.0,15,8.9,0,2021-12-21 16:00:00
20211223,1640188800000,8.81,8.95,8.51,8.58,150500,131233456.0,0.0,15,8.93,0,2021-12-22 16:00:00
20211224,1640275200000,8.61,8.75,8.24,8.31,122634,103327960.0,0.0,15,8.58,0,2021-12-23 16:00:00
20211227,1640534400000,8.42,8.42,8.17,8.31,67750,56119573.0,0.0,15,8.31,0,2021-12-26 16:00:00
20211228,1640620800000,8.33,8.49,8.25,8.39,74643,62379605.00000001,0.0,15,8.31,0,2021-12-27 16:00:00
20211229,1640707200000,8.3,8.38,8.05,8.190000000000001,100086,82345150.0,0.0,15,8.39,0,2021-12-28 16:00:00
20211230,1640793600000,8.16,8.270000000000001,8.120000000000001,8.16,88282,72339055.0,0.0,15,8.190000000000001,0,2021-12-29 16:00:00
20211231,1640880000000,8.15,8.25,7.87,7.93,134928,108284393.0,0.0,15,8.16,0,2021-12-30 16:00:00
