date,time,open,high,low,close,volume,amount,settelementPrice,openInterest,preClose,suspendFlag,datetime
20210104,1609689600000,136.99,140.58,128.0,138.0,98525,1343291863.0,0.0,15,138.45,0,2021-01-03 16:00:00
20210105,1609776000000,137.0,140.75,131.5,139.0,78297,1076939968.0000002,0.0,15,138.0,0,2021-01-04 16:00:00
20210106,1609862400000,138.04999999999998,147.4,134.63,146.57,98653,1389311558.0,0.0,15,139.0,0,2021-01-05 16:00:00
20210107,1609948800000,146.49,159.88,142.0,153.57,101344,1529066667.0,0.0,15,146.57,0,2021-01-06 16:00:00
20210108,1610035200000,151.06,152.97,145.5,150.0,56641,842488277.0,0.0,15,153.57,0,2021-01-07 16:00:00
20210111,1610294400000,148.0,153.88,143.51,147.07,46132,681678067.0,0.0,15,150.0,0,2021-01-10 16:00:00
20210112,1610380800000,145.52,160.18,145.11,158.49,67243,1034024444.0000001,0.0,15,147.07000000000002,0,2021-01-11 16:00:00
20210113,1610467200000,157.0,169.72,156.16,159.09,74317,1206943207.0,0.0,15,158.49,0,2021-01-12 16:00:00
20210114,1610553600000,158.5,158.5,143.18,143.18,82616,1213140426.0,0.0,15,159.09,0,2021-01-13 16:00:00
20210115,1610640000000,140.37,146.58,138.8,141.77,53680,762711241.0,0.0,15,143.18,0,2021-01-14 16:00:00
20210118,1610899200000,141.41,143.70000000000002,136.18,141.11,49418,697016540.0000001,0.0,15,141.77,0,2021-01-17 16:00:00
20210119,1610985600000,141.25,146.7,138.0,140.57,58259,829038423.0,0.0,15,141.11,0,2021-01-18 16:00:00
20210120,1611072000000,139.70999999999998,146.04,139.51,145.98,59218,851898768.0,0.0,15,140.57,0,2021-01-19 16:00:00
20210121,1611158400000,155.0,160.58,151.0,160.58,83374,1319914562.0,0.0,15,145.98,0,2021-01-20 16:00:00
20210122,1611244800000,165.0,176.64,165.0,176.64,66962,1159867377.0,0.0,15,160.58,0,2021-01-21 16:00:00
20210125,1611504000000,178.01,183.5,169.51,173.59,130562,2321793369.0,0.0,15,176.64,0,2021-01-24 16:00:00
20210126,1611590400000,174.25,189.79999999999998,174.23,179.1,99735,1808317389.0,0.0,15,173.59,0,2021-01-25 16:00:00
20210127,1611676800000,178.87,191.0,176.58,185.8,100271,1841136433.0000002,0.0,15,179.10000000000002,0,2021-01-26 16:00:00
20210128,1611763200000,176.0,180.0,171.0,174.05,75016,1321728061.0,0.0,15,185.8,0,2021-01-27 16:00:00
20210129,1611849600000,180.0,181.29999999999998,165.79,174.57999999999998,88922,1547928238.0000002,0.0,15,174.04999999999998,0,2021-01-28 16:00:00
20210201,1612108800000,174.47,179.85,167.0,171.0,61072,1054223101.0,0.0,15,174.58,0,2021-01-31 16:00:00
20210202,1612195200000,173.0,175.92000000000002,163.28,173.5,64012,1091895103.0,0.0,15,171.0,0,2021-02-01 16:00:00
20210203,1612281600000,173.00000000000003,175.00000000000003,162.20000000000002,165.77,64533,1086483865.0,0.0,15,173.50000000000003,0,2021-02-02 16:00:00
20210204,1612368000000,163.5,167.0,157.0,162.99,61701,1000318221.0,0.0,15,165.77,0,2021-02-03 16:00:00
20210205,1612454400000,166.25,179.29,165.0,176.98,102603,1806757783.9999998,0.0,15,162.99,0,2021-02-04 16:00:00
20210208,1612713600000,179.35,182.28,164.5,172.65,88824,1531243756.0,0.0,15,176.98,0,2021-02-07 16:00:00
20210209,1612800000000,175.23,181.56,171.01,176.07999999999998,58376,1024364764.9999999,0.0,15,172.64999999999998,0,2021-02-08 16:00:00
20210210,1612886400000,178.68,181.0,170.02,179.5,66420,1169893053.0,0.0,15,176.08,0,2021-02-09 16:00:00
20210218,1613577600000,181.20999999999998,183.48999999999998,163.98,166.14999999999998,85990,1465285083.0,0.0,15,179.5,0,2021-02-17 16:00:00
20210219,1613664000000,163.0,166.65,155.75,161.44,53214,857733001.0,0.0,15,166.15,0,2021-02-18 16:00:00
20210222,1613923200000,161.5,168.38,156.0,156.0,62814,1014732189.9999999,0.0,15,161.44,0,2021-02-21 16:00:00
20210223,1614009600000,151.0,161.29999999999998,149.01,159.0,40685,631092718.0000001,0.0,15,156.0,0,2021-02-22 16:00:00
20210224,1614096000000,156.39,158.0,143.1,143.1,61524,909121021.0000001,0.0,15,159.0,0,2021-02-23 16:00:00
20210225,1614182400000,145.0,145.0,140.77,142.5,34557,493634357.0,0.0,15,143.10000000000002,0,2021-02-24 16:00:00
20210226,1614268800000,138.37,142.47,136.5,140.71,42453,591783100.0000001,0.0,15,142.5,0,2021-02-25 16:00:00
20210301,1614528000000,148.0,154.78,143.0,151.7,65546,994168013.0000001,0.0,15,140.71,0,2021-02-28 16:00:00
20210302,1614614400000,153.53,158.5,150.5,156.99,61476,953175759.0,0.0,15,151.7,0,2021-03-01 16:00:00
20210303,1614700800000,155.12,164.76000000000002,155.05,161.95000000000002,51267,822457310.9999999,0.0,15,156.99,0,2021-03-02 16:00:00
20210304,1614787200000,158.85999999999999,158.88,145.76,145.76,54157,806887839.0,0.0,15,161.95,0,2021-03-03 16:00:00
20210305,1614873600000,138.98,144.95,133.13,143.0,40397,567487603.0,0.0,15,145.76,0,2021-03-04 16:00:00
20210308,1615132800000,144.79,144.9,135.28,135.28,48620,677149975.0,0.0,15,143.0,0,2021-03-07 16:00:00
20210309,1615219200000,134.5,135.98999999999998,128.7,128.95999999999998,47944,631430317.0,0.0,15,135.28,0,2021-03-08 16:00:00
20210310,1615305600000,134.01999999999998,135.89,130.13,132.0,40128,532363890.0,0.0,15,128.96,0,2021-03-09 16:00:00
20210311,1615392000000,133.68,143.4,131.6,142.41,51993,722988075.0,0.0,15,132.0,0,2021-03-10 16:00:00
20210312,1615478400000,143.0,145.10000000000002,140.05,144.99,35408,506557409.0,0.0,15,142.41000000000003,0,2021-03-11 16:00:00
20210315,1615737600000,140.42,142.76,132.5,134.0,40192,553528859.0000001,0.0,15,144.99,0,2021-03-14 16:00:00
20210316,1615824000000,137.63,138.79000000000002,129.99,132.20000000000002,50567,679719841.0,0.0,15,134.0,0,2021-03-15 16:00:00
20210317,1615910400000,131.88,133.56,126.3,132.89,31246,409717461.0,0.0,15,132.2,0,2021-03-16 16:00:00
20210318,1615996800000,133.14000000000001,134.5,130.96,133.21,27490,364884355.00000006,0.0,15,132.89000000000001,0,2021-03-17 16:00:00
20210319,1616083200000,129.6,134.89999999999998,128.51,134.0,35645,472470787.0,0.0,15,133.20999999999998,0,2021-03-18 16:00:00
20210322,1616342400000,133.09,134.79,131.13,132.04,27121,359321459.99999994,0.0,15,134.0,0,2021-03-21 16:00:00
20210323,1616428800000,132.5,134.0,128.6,130.69,20510,267800949.0,0.0,15,132.04,0,2021-03-22 16:00:00
20210324,1616515200000,129.7,131.88,120.3,121.52,37149,461114965.0,0.0,15,130.69,0,2021-03-23 16:00:00
20210325,1616601600000,120.0,122.46,116.83,121.4,39608,474261294.99999994,0.0,15,121.52,0,2021-03-24 16:00:00
20210326,1616688000000,122.5,133.51,122.36,131.95,51890,670825572.0,0.0,15,121.4,0,2021-03-25 16:00:00
20210329,1616947200000,130.42000000000002,132.12,127.65,129.23000000000002,35185,457038672.00000006,0.0,15,131.95000000000002,0,2021-03-28 16:00:00
20210330,1617033600000,128.32,138.1,128.32,136.98999999999998,45782,617536177.0,0.0,15,129.23,0,2021-03-29 16:00:00
20210331,1617120000000,135.0,137.0,131.8,133.71,28612,382662033.0,0.0,15,136.99,0,2021-03-30 16:00:00
20210401,1617206400000,134.43,138.9,133.9,134.27,26492,358988247.0,0.0,15,133.71,0,2021-03-31 16:00:00
20210402,1617292800000,133.45,136.68,133.28,135.18,17118,230662182.0,0.0,15,134.27,0,2021-04-01 16:00:00
20210406,1617638400000,136.9,141.0,135.66,136.82,32874,455521961.00000006,0.0,15,135.18,0,2021-04-05 16:00:00
20210407,1617724800000,136.12,136.68,126.51,131.51,41199,538461895.0,0.0,15,136.82,0,2021-04-06 16:00:00
20210408,1617811200000,130.2,132.21,128.5,130.94,19759,257757621.0,0.0,15,131.51,0,2021-04-07 16:00:00
20210409,1617897600000,128.55,130.49,125.28,126.0,29575,374571094.0,0.0,15,130.94,0,2021-04-08 16:00:00
20210412,1618156800000,125.37,126.80000000000001,118.99000000000001,120.18,32712,398893718.0,0.0,15,126.00000000000001,0,2021-04-11 16:00:00
20210413,1618243200000,121.10000000000001,123.46000000000001,119.01,121.08,24067,291792866.0,0.0,15,120.18,0,2021-04-12 16:00:00
20210414,1618329600000,121.08,123.81,119.3,121.78,25927,313795074.99999994,0.0,15,121.08,0,2021-04-13 16:00:00
20210415,1618416000000,119.51,121.46000000000001,118.03,120.56,24302,291757178.00000006,0.0,15,121.78,0,2021-04-14 16:00:00
20210416,1618502400000,119.91000000000001,122.36000000000001,113.60000000000001,118.50000000000001,35314,414694000.0,0.0,15,120.56,0,2021-04-15 16:00:00
20210419,1618761600000,119.0,124.21,116.58,123.35,34853,424832588.00000006,0.0,15,118.5,0,2021-04-18 16:00:00
20210420,1618848000000,123.00000000000001,130.91,122.10000000000001,126.17000000000002,49512,630613245.0,0.0,15,123.35000000000001,0,2021-04-19 16:00:00
20210421,1618934400000,126.14,130.97,126.03,129.56,38078,491624756.0,0.0,15,126.17,0,2021-04-20 16:00:00
20210422,1619020800000,127.5,128.78,122.8,127.0,48138,605313496.0,0.0,15,129.56,0,2021-04-21 16:00:00
20210423,1619107200000,126.14,132.35,126.14,132.09,51382,669752723.0000001,0.0,15,127.0,0,2021-04-22 16:00:00
20210426,1619366400000,134.0,136.7,130.6,131.28,47690,637380382.0000001,0.0,15,132.09,0,2021-04-25 16:00:00
20210427,1619452800000,136.53,140.36,133.61,138.0,82471,1130023700.0,0.0,15,131.28,0,2021-04-26 16:00:00
20210428,1619539200000,137.00000000000003,145.5,136.39000000000001,138.78,67482,951014213.0000001,0.0,15,138.00000000000003,0,2021-04-27 16:00:00
20210429,1619625600000,138.58,140.49,134.8,136.81,39502,544018825.0,0.0,15,138.78,0,2021-04-28 16:00:00
20210430,1619712000000,136.0,144.5,135.51,144.39999999999998,58878,834810453.9999999,0.0,15,136.81,0,2021-04-29 16:00:00
20210506,1620230400000,143.02,143.78,138.0,140.96,56465,791272139.0,0.0,15,144.4,0,2021-05-05 16:00:00
20210507,1620316800000,139.5,139.54,131.0,131.5,50312,679297856.0,0.0,15,140.96,0,2021-05-06 16:00:00
20210510,1620576000000,127.30000000000001,132.31,127.26,130.6,31500,409703942.0,0.0,15,131.5,0,2021-05-09 16:00:00
20210511,1620662400000,127.3,127.5,122.58,126.59,32739,409907635.0,0.0,15,130.6,0,2021-05-10 16:00:00
20210512,1620748800000,126.61,128.6,125.54,127.78,19710,250870133.0,0.0,15,126.59,0,2021-05-11 16:00:00
20210513,1620835200000,125.42,128.34,124.41,128.34,23533,296781296.0,0.0,15,127.78,0,2021-05-12 16:00:00
20210514,1620921600000,127.61,137.55,126.55,137.2,43913,581893130.0,0.0,15,128.34,0,2021-05-13 16:00:00
20210517,1621180800000,135.52,142.37,135.33,142.37,54428,761087035.0,0.0,15,137.20000000000002,0,2021-05-16 16:00:00
20210518,1621267200000,141.01,141.78,138.32,141.17,27501,385823046.0,0.0,15,142.37,0,2021-05-17 16:00:00
20210519,1621353600000,142.65,145.27,141.18,143.70000000000002,37335,537056161.0,0.0,15,141.17000000000002,0,2021-05-18 16:00:00
20210520,1621440000000,143.01000000000002,145.29000000000002,140.27,143.25,33473,477515969.00000006,0.0,15,143.70000000000002,0,2021-05-19 16:00:00
20210521,1621526400000,145.38,153.2,145.31,151.8,72049,1082145356.0,0.0,15,143.25,0,2021-05-20 16:00:00
20210524,1621785600000,153.0,153.76999999999998,149.01,149.29999999999998,40746,612598863.0000001,0.0,15,151.79999999999998,0,2021-05-23 16:00:00
20210525,1621872000000,148.98,148.98,142.29,147.28,59094,857623795.0000001,0.0,15,149.29999999999998,0,2021-05-24 16:00:00
20210526,1621958400000,147.35000000000002,148.0,145.02,146.53,30048,439236952.00000006,0.0,15,147.28,0,2021-05-25 16:00:00
20210527,1622044800000,148.0,149.10999999999999,144.01,148.48999999999998,55287,812616544.0,0.0,15,146.53,0,2021-05-26 16:00:00
20210528,1622131200000,146.89,148.7,143.0,146.4,40117,587824265.0,0.0,15,148.49,0,2021-05-27 16:00:00
20210531,1622390400000,145.4,157.0,144.0,156.49,65003,985973320.0,0.0,15,146.4,0,2021-05-30 16:00:00
20210601,1622476800000,156.36,166.0,155.36,163.98000000000002,71287,1159586060.0,0.0,15,156.49,0,2021-05-31 16:00:00
20210602,1622563200000,163.70999999999998,167.98999999999998,159.76,162.20999999999998,45848,747798800.0,0.0,15,163.98,0,2021-06-01 16:00:00
20210603,1622649600000,162.00000000000003,162.54000000000002,148.20000000000002,149.88000000000002,68927,1057519705.9999999,0.0,15,162.21,0,2021-06-02 16:00:00
20210604,1622736000000,147.98999999999998,150.79999999999998,146.98,149.89999999999998,41751,622278805.0,0.0,15,149.88,0,2021-06-03 16:00:00
20210607,1622995200000,149.98,149.98,145.1,148.4,29830,440492285.0,0.0,15,149.9,0,2021-06-06 16:00:00
20210608,1623081600000,148.5,151.8,146.62,148.76,29442,438298615.00000006,0.0,15,148.4,0,2021-06-07 16:00:00
20210609,1623168000000,149.95000000000002,150.0,147.15,149.94,23026,342257461.0,0.0,15,148.76000000000002,0,2021-06-08 16:00:00
20210610,1623254400000,149.94,164.93,149.94,164.93,79938,1285331433.0,0.0,15,149.94,0,2021-06-09 16:00:00
20210611,1623340800000,165.1,168.88,161.98,164.98,71814,1189625376.0,0.0,15,164.92999999999998,0,2021-06-10 16:00:00
20210615,1623686400000,166.0,166.99,158.18,159.05,43216,693643990.0,0.0,15,164.98000000000002,0,2021-06-14 16:00:00
20210616,1623772800000,157.89000000000001,157.89000000000001,143.15,143.15,60201,896796138.9999999,0.0,15,159.05,0,2021-06-15 16:00:00
20210617,1623859200000,143.3,152.42000000000002,143.3,151.0,40486,601343087.0,0.0,15,143.15,0,2021-06-16 16:00:00
20210618,1623945600000,152.1,156.6,149.6,155.34,38361,591836576.0,0.0,15,151.0,0,2021-06-17 16:00:00
20210621,1624204800000,153.0,164.8,149.52,163.3,49365,789462887.0000001,0.0,15,155.34,0,2021-06-20 16:00:00
20210622,1624291200000,163.82,165.0,158.1,161.60999999999999,32967,529832557.00000006,0.0,15,163.29999999999998,0,2021-06-21 16:00:00
20210623,1624377600000,161.45000000000002,167.10000000000002,160.45000000000002,162.81000000000003,48327,793124486.0,0.0,15,161.61,0,2021-06-22 16:00:00
20210624,1624464000000,165.0,173.88000000000002,162.11,169.34,62408,1048732477.0000001,0.0,15,162.81,0,2021-06-23 16:00:00
20210625,1624550400000,167.18,171.0,165.06,166.01,37472,627043187.0000001,0.0,15,169.34,0,2021-06-24 16:00:00
20210628,1624809600000,166.04,175.54999999999998,166.04,174.93,49921,865055440.0000001,0.0,15,166.01,0,2021-06-27 16:00:00
20210629,1624896000000,174.91,184.0,172.54,182.56,49921,894323138.0000001,0.0,15,174.35,0,2021-06-28 16:00:00
20210630,1624982400000,181.0,181.0,173.86,178.95000000000002,46222,819459005.0,0.0,15,182.56,0,2021-06-29 16:00:00
20210701,1625068800000,178.98,182.0,174.0,176.1,34661,613194125.0,0.0,15,178.95,0,2021-06-30 16:00:00
20210702,1625155200000,173.0,179.0,168.5,172.87,37088,641901805.0,0.0,15,176.1,0,2021-07-01 16:00:00
20210705,1625414400000,173.95000000000002,176.88000000000002,169.3,171.8,35382,610848879.0,0.0,15,172.87,0,2021-07-04 16:00:00
20210706,1625500800000,173.01000000000002,174.94000000000003,167.20000000000002,170.10000000000002,36282,618656497.0,0.0,15,171.8,0,2021-07-05 16:00:00
20210707,1625587200000,168.29999999999998,187.10999999999999,167.01,187.10999999999999,74193,1348921493.0,0.0,15,170.1,0,2021-07-06 16:00:00
20210708,1625673600000,187.18,200.18,187.18,195.88,83568,1631178643.0,0.0,15,187.11,0,2021-07-07 16:00:00
20210709,1625760000000,194.62,201.60000000000002,189.8,199.5,53591,1055418347.9999999,0.0,15,195.88000000000002,0,2021-07-08 16:00:00
20210712,1626019200000,199.0,209.5,197.22,205.15,54871,1121879670.0,0.0,15,199.5,0,2021-07-11 16:00:00
20210713,1626105600000,202.67999999999998,215.69,202.01,213.95,48515,1019126826.0,0.0,15,205.14999999999998,0,2021-07-12 16:00:00
20210714,1626192000000,211.0,233.5,209.8,221.60000000000002,71345,1578959564.0000002,0.0,15,213.95000000000002,0,2021-07-13 16:00:00
20210715,1626278400000,219.91,243.76,219.0,243.76,65043,1521907574.0,0.0,15,221.6,0,2021-07-14 16:00:00
20210716,1626364800000,249.10000000000002,261.99,237.86,240.0,102563,2535541529.0,0.0,15,243.76000000000002,0,2021-07-15 16:00:00
20210719,1626624000000,238.79999999999998,244.48,230.01,232.95999999999998,67498,1597229547.0,0.0,15,240.0,0,2021-07-18 16:00:00
20210720,1626710400000,228.37,234.99,225.0,229.9,48732,1119649345.0,0.0,15,232.96,0,2021-07-19 16:00:00
20210721,1626796800000,232.0,242.02,230.0,237.21,68648,1621044812.0,0.0,15,229.9,0,2021-07-20 16:00:00
20210722,1626883200000,237.60000000000002,252.5,235.3,250.0,50351,1227770583.0,0.0,15,237.21,0,2021-07-21 16:00:00
20210723,1626969600000,248.49,253.65,242.1,250.29999999999998,39071,971158036.0000001,0.0,15,250.0,0,2021-07-22 16:00:00
20210726,1627228800000,248.5,253.6,225.31,235.5,61893,1460166724.0000002,0.0,15,250.3,0,2021-07-25 16:00:00
20210727,1627315200000,236.0,242.99,225.5,226.16,50986,1197509628.0,0.0,15,235.5,0,2021-07-26 16:00:00
20210728,1627401600000,221.72,229.98,215.31,226.39000000000001,37574,839551383.0000001,0.0,15,226.16,0,2021-07-27 16:00:00
20210729,1627488000000,232.54,240.46,224.0,237.1,55262,1287910412.0,0.0,15,226.39,0,2021-07-28 16:00:00
20210730,1627574400000,235.01,235.87,222.0,227.93,53219,1210141123.0,0.0,15,237.1,0,2021-07-29 16:00:00
20210802,1627833600000,225.6,246.75,225.6,246.64,53235,1263001138.0000002,0.0,15,227.93,0,2021-08-01 16:00:00
20210803,1627920000000,245.0,245.0,226.5,228.99,42796,996524807.0000001,0.0,15,246.64,0,2021-08-02 16:00:00
20210804,1628006400000,226.0,251.89,224.01,251.88,70848,1722010111.0000002,0.0,15,228.98999999999998,0,2021-08-03 16:00:00
20210805,1628092800000,251.79,263.0,241.0,257.8,52582,1324953295.0,0.0,15,251.88,0,2021-08-04 16:00:00
20210806,1628179200000,254.07,262.46999999999997,247.66,249.51,34136,861032542.0,0.0,15,257.8,0,2021-08-05 16:00:00
20210809,1628438400000,244.97,247.0,224.56,226.02,76741,1749360761.9999998,0.0,15,249.51,0,2021-08-08 16:00:00
20210810,1628524800000,225.89,242.6,224.13,237.6,67518,1580222765.0,0.0,15,226.01999999999998,0,2021-08-09 16:00:00
20210811,1628611200000,234.00000000000003,261.36,233.64000000000001,261.36,84894,2165401594.0,0.0,15,237.60000000000002,0,2021-08-10 16:00:00
20210812,1628697600000,262.0,278.55,262.0,273.8,58440,1591431053.0,0.0,15,261.36,0,2021-08-11 16:00:00
20210813,1628784000000,272.5,273.95,260.2,264.31,38641,1026533417.0000001,0.0,15,273.8,0,2021-08-12 16:00:00
20210816,1629043200000,264.2,264.2,251.8,254.8,30208,774807380.0,0.0,15,264.31,0,2021-08-15 16:00:00
20210817,1629129600000,254.81,260.0,242.22,246.05,33187,833896335.0,0.0,15,254.8,0,2021-08-16 16:00:00
20210818,1629216000000,248.5,251.88,236.07,240.0,34273,835511042.0000001,0.0,15,246.04999999999998,0,2021-08-17 16:00:00
20210819,1629302400000,241.55,248.9,230.0,247.45,44588,1070550936.0,0.0,15,240.0,0,2021-08-18 16:00:00
20210820,1629388800000,250.0,250.0,238.0,246.0,37187,909062434.0,0.0,15,247.45,0,2021-08-19 16:00:00
20210823,1629648000000,250.97,270.6,250.97,270.6,65098,1724041032.0,0.0,15,246.0,0,2021-08-22 16:00:00
20210824,1629734400000,279.95,295.88,277.0,288.0,75289,2147739370.0,0.0,15,270.6,0,2021-08-23 16:00:00
20210825,1629820800000,289.0,306.69,289.0,306.6,76045,2290990970.0,0.0,15,288.0,0,2021-08-24 16:00:00
20210826,1629907200000,300.68,309.96000000000004,300.1,304.0,46679,1426521909.0,0.0,15,306.6,0,2021-08-25 16:00:00
20210827,1629993600000,312.03,332.8,307.0,326.0,97314,3100944663.0,0.0,15,304.0,0,2021-08-26 16:00:00
20210830,1630252800000,325.0,335.6,308.68,326.3,75510,2437757197.0,0.0,15,326.0,0,2021-08-29 16:00:00
20210831,1630339200000,324.95000000000005,332.8,313.98,321.98,42882,1377059309.0,0.0,15,326.3,0,2021-08-30 16:00:00
20210901,1630425600000,323.0,343.0,306.12,317.87,64570,2075878660.0,0.0,15,321.98,0,2021-08-31 16:00:00
20210902,1630512000000,319.8,349.66,318.56,349.66,57325,1945804755.0,0.0,15,317.87,0,2021-09-01 16:00:00
20210903,1630598400000,352.8,358.12,314.69,314.7,80678,2649352482.9999995,0.0,15,349.65999999999997,0,2021-09-02 16:00:00
20210906,1630857600000,306.13,309.74,283.23,292.90000000000003,90430,2626359036.0,0.0,15,314.70000000000005,0,2021-09-05 16:00:00
20210907,1630944000000,290.3,313.40000000000003,290.24,310.56,58751,1775072856.0,0.0,15,292.90000000000003,0,2021-09-06 16:00:00
20210908,1631030400000,309.0,313.44,294.99,295.85,42213,1266658814.0,0.0,15,310.56,0,2021-09-07 16:00:00
20210909,1631116800000,297.0,299.0,275.57,286.39,65890,1876913424.9999998,0.0,15,295.85,0,2021-09-08 16:00:00
20210910,1631203200000,291.59999999999997,295.0,282.01,292.57,44809,1294788496.0,0.0,15,286.39,0,2021-09-09 16:00:00
20210913,1631462400000,293.1,299.01,284.5,285.8,41808,1203113703.0,0.0,15,292.57,0,2021-09-12 16:00:00
20210914,1631548800000,287.12000000000006,297.31000000000006,283.40000000000003,292.36,52209,1525654622.0000002,0.0,15,285.8,0,2021-09-13 16:00:00
20210915,1631635200000,291.39,303.19,285.8,298.0,53208,1571944773.0000002,0.0,15,292.36,0,2021-09-14 16:00:00
20210916,1631721600000,299.5,299.87,268.2,268.2,67498,1865158956.0,0.0,15,298.0,0,2021-09-15 16:00:00
20210917,1631808000000,262.0,262.51,249.0,256.0,71822,1833486277.0,0.0,15,268.2,0,2021-09-16 16:00:00
20210922,1632240000000,250.0,264.7,249.12,257.18,33339,862954496.9999999,0.0,15,256.0,0,2021-09-21 16:00:00
20210923,1632326400000,259.13,270.99,255.04,267.0,44444,1173587008.0,0.0,15,257.18,0,2021-09-22 16:00:00
20210924,1632412800000,267.63000000000005,281.63,256.66,276.86,50479,1375248801.0,0.0,15,267.0,0,2021-09-23 16:00:00
20210927,1632672000000,278.0,281.0,258.58,272.0,44414,1199941827.0,0.0,15,276.86,0,2021-09-26 16:00:00
20210928,1632758400000,270.01,276.0,264.31,267.11,27789,750042578.9999999,0.0,15,272.0,0,2021-09-27 16:00:00
20210929,1632844800000,263.74,272.99,258.0,263.2,22640,601930138.0000001,0.0,15,267.11,0,2021-09-28 16:00:00
20210930,1632931200000,266.02,283.88,261.0,279.5,34237,941162255.0,0.0,15,263.2,0,2021-09-29 16:00:00
20211008,1633622400000,284.36,284.36,252.25,256.45,54559,1429867508.0000002,0.0,15,279.5,0,2021-10-07 16:00:00
20211011,1633881600000,262.0,279.6,262.0,273.73,52368,1433071372.0000002,0.0,15,256.45,0,2021-10-10 16:00:00
20211012,1633968000000,274.02,280.78999999999996,268.52,273.7,30035,824546273.0000001,0.0,15,273.72999999999996,0,2021-10-11 16:00:00
20211013,1634054400000,274.0,301.07,269.2,301.07,47009,1372848524.0000002,0.0,15,273.7,0,2021-10-12 16:00:00
20211014,1634140800000,308.5,324.85,306.0,324.85,67730,2142958470.0000002,0.0,15,301.07,0,2021-10-13 16:00:00
20211015,1634227200000,318.0,327.9,316.51,327.87,41150,1331802851.0,0.0,15,324.84999999999997,0,2021-10-14 16:00:00
20211018,1634486400000,325.0,335.88,322.12,332.04,44030,1452286879.0,0.0,15,327.87,0,2021-10-17 16:00:00
20211019,1634572800000,332.0,341.03,331.0,337.95,36956,1241953137.0000002,0.0,15,332.04,0,2021-10-18 16:00:00
20211020,1634659200000,336.0,339.0,327.46,329.39,54815,1825429127.0,0.0,15,337.95,0,2021-10-19 16:00:00
20211021,1634745600000,309.0,309.71999999999997,296.45,296.45,32697,980014312.0000001,0.0,15,329.39,0,2021-10-20 16:00:00
20211022,1634832000000,295.0,296.45,277.25,281.92,103333,2926116815.9999995,0.0,15,296.45,0,2021-10-21 16:00:00
20211025,1635091200000,281.92,292.8,277.28000000000003,287.00000000000006,72067,2060190749.9999998,0.0,15,281.92,0,2021-10-24 16:00:00
20211026,1635177600000,290.0,297.5,284.52,294.94,78179,2282186527.0,0.0,15,287.0,0,2021-10-25 16:00:00
20211027,1635264000000,291.51,308.09999999999997,290.7,303.8,62313,1876225196.0,0.0,15,294.94,0,2021-10-26 16:00:00
20211028,1635350400000,303.0,304.81,286.87,290.5,54941,1613772086.0,0.0,15,303.8,0,2021-10-27 16:00:00
20211029,1635436800000,288.0,300.6,282.97,299.05,56725,1660501338.0,0.0,15,290.5,0,2021-10-28 16:00:00
20211101,1635696000000,303.5,306.99,279.49,280.19,82974,2397379684.0,0.0,15,299.05,0,2021-10-31 16:00:00
20211102,1635782400000,277.01,277.01,252.17000000000002,252.28000000000003,110798,2840897086.0,0.0,15,280.19,0,2021-11-01 16:00:00
20211103,1635868800000,251.0,253.98,239.0,244.0,77123,1896450982.0000002,0.0,15,252.28,0,2021-11-02 16:00:00
20211104,1635955200000,247.89999999999998,253.0,244.01,248.26,54731,1360900415.0000002,0.0,15,244.0,0,2021-11-03 16:00:00
20211105,1636041600000,245.0,248.3,241.0,241.2,33763,823794994.0,0.0,15,248.26,0,2021-11-04 16:00:00
20211108,1636300800000,238.01000000000002,243.00000000000003,236.45000000000002,242.57000000000002,39867,955966067.0,0.0,15,241.20000000000002,0,2021-11-07 16:00:00
20211109,1636387200000,245.0,247.58,242.22,243.66,33336,815473021.0000001,0.0,15,242.57,0,2021-11-08 16:00:00
20211110,1636473600000,245.0,245.0,234.18,238.95000000000002,33247,792575196.0000001,0.0,15,243.66,0,2021-11-09 16:00:00
20211111,1636560000000,238.13000000000002,241.32000000000002,227.39000000000001,238.0,56621,1325701521.0000002,0.0,15,238.95000000000002,0,2021-11-10 16:00:00
20211112,1636646400000,243.00000000000003,251.9,242.20000000000002,246.15,56613,1403122185.0,0.0,15,238.00000000000003,0,2021-11-11 16:00:00
20211115,1636905600000,242.0,242.78,228.0,228.58,48497,1129623724.0,0.0,15,246.15,0,2021-11-14 16:00:00
20211116,1636992000000,228.45,230.0,223.0,223.37,32259,728844382.0000001,0.0,15,228.58,0,2021-11-15 16:00:00
20211117,1637078400000,225.0,231.09,223.09,231.0,42611,969488434.0,0.0,15,223.37,0,2021-11-16 16:00:00
20211118,1637164800000,230.0,231.5,224.08,228.46,34563,787131182.0,0.0,15,231.0,0,2021-11-17 16:00:00
20211119,1637251200000,235.0,241.99,230.5,236.81,68591,1615044376.9999998,0.0,15,228.46,0,2021-11-18 16:00:00
20211122,1637510400000,234.28,243.9,233.05,239.77,56028,1333776459.0,0.0,15,236.81,0,2021-11-21 16:00:00
20211123,1637596800000,236.0,237.35,228.68,230.1,51272,1192037529.0,0.0,15,239.77,0,2021-11-22 16:00:00
20211124,1637683200000,231.0,231.0,224.0,227.2,40382,916939021.0,0.0,15,230.1,0,2021-11-23 16:00:00
20211125,1637769600000,226.31,227.87,222.25,223.78,33355,747421755.0,0.0,15,227.2,0,2021-11-24 16:00:00
20211126,1637856000000,222.25,229.88,222.25,225.5,33676,757722787.0,0.0,15,223.78,0,2021-11-25 16:00:00
20211129,1638115200000,222.45000000000002,226.57,217.4,219.42000000000002,70216,1548484516.0,0.0,15,225.5,0,2021-11-28 16:00:00
20211130,1638201600000,222.41,227.16,219.4,221.85,51737,1151570489.0,0.0,15,219.42000000000002,0,2021-11-29 16:00:00
20211201,1638288000000,217.0,217.0,202.28,211.17000000000002,91845,1922097708.0,0.0,15,221.85,0,2021-11-30 16:00:00
20211202,1638374400000,207.07,211.49,206.18,206.52,37019,770832230.0,0.0,15,211.17000000000002,0,2021-12-01 16:00:00
20211203,1638460800000,204.9,206.49,198.0,199.8,86969,1742865038.0000002,0.0,15,206.52,0,2021-12-02 16:00:00
20211206,1638720000000,200.8,204.88,197.0,198.2,48300,970923772.0,0.0,15,199.8,0,2021-12-05 16:00:00
20211207,1638806400000,199.0,200.58,193.0,199.0,55247,1084857163.0,0.0,15,198.2,0,2021-12-06 16:00:00
20211208,1638892800000,199.92,200.88,192.6,193.81,59065,1150298428.0,0.0,15,199.0,0,2021-12-07 16:00:00
20211209,1638979200000,193.0,198.74,192.0,196.94,63854,1250723511.0,0.0,15,193.81,0,2021-12-08 16:00:00
20211210,1639065600000,196.4,204.81,195.11,201.45000000000002,81361,1636431913.0,0.0,15,196.94000000000003,0,2021-12-09 16:00:00
20211213,1639324800000,202.05,202.88,197.65,198.95000000000002,48392,963911700.0,0.0,15,201.45000000000002,0,2021-12-12 16:00:00
20211214,1639411200000,198.95000000000002,199.79000000000002,195.20000000000002,196.01000000000002,35616,699056184.0,0.0,15,198.95000000000002,0,2021-12-13 16:00:00
20211215,1639497600000,196.05,201.5,193.08,193.26000000000002,39547,776260607.0,0.0,15,196.01000000000002,0,2021-12-14 16:00:00
20211216,1639584000000,193.5,195.69,191.79,195.54999999999998,32392,627303049.0,0.0,15,193.26,0,2021-12-15 16:00:00
20211217,1639670400000,192.61,193.03,179.5,180.9,89121,1649198493.0000002,0.0,15,195.55,0,2021-12-16 16:00:00
20211220,1639929600000,179.06,182.0,169.88,174.5,55127,974491396.0,0.0,15,180.9,0,2021-12-19 16:00:00
20211221,1640016000000,175.56,175.57000000000002,169.49,170.91,46005,789465600.0,0.0,15,174.5,0,2021-12-20 16:00:00
20211222,1640102400000,171.69000000000003,172.60000000000002,167.83,168.25,36936,624573185.0,0.0,15,170.91000000000003,0,2021-12-21 16:00:00
20211223,1640188800000,167.22,167.44,160.0,163.51,76030,1246132653.0000002,0.0,15,168.25,0,2021-12-22 16:00:00
20211224,1640275200000,162.77,163.5,155.0,155.43,52212,827061507.0,0.0,15,163.51,0,2021-12-23 16:00:00
20211227,1640534400000,155.5,162.96,152.55,159.88000000000002,60649,969510839.0,0.0,15,155.43,0,2021-12-26 16:00:00
20211228,1640620800000,160.64000000000001,165.85,158.37,164.6,79693,1299612139.0,0.0,15,159.88,0,2021-12-27 16:00:00
20211229,1640707200000,164.08,166.48000000000002,162.20000000000002,164.99,44570,732511783.0,0.0,15,164.60000000000002,0,2021-12-28 16:00:00
20211230,1640793600000,164.99,166.5,162.68,163.82,37703,618642964.0,0.0,15,164.99,0,2021-12-29 16:00:00
20211231,1640880000000,164.51999999999998,171.56,164.48,166.98,72307,1214983594.0,0.0,15,163.82,0,2021-12-30 16:00:00
