date,time,open,high,low,close,volume,amount,settelementPrice,openInterest,preClose,suspendFlag,datetime
20220104,1641225600000,14.63,15.17,14.58,15.15,28317,42396390.0,0.0,15,14.65,0,2022-01-03 16:00:00
20220105,1641312000000,15.15,15.250000000000002,14.870000000000001,15.040000000000001,13845,20795998.000000004,0.0,15,15.15,0,2022-01-04 16:00:00
20220106,1641398400000,14.98,15.46,14.98,15.23,19391,29571215.0,0.0,15,15.040000000000001,0,2022-01-05 16:00:00
20220107,1641484800000,15.33,15.45,14.91,14.94,14429,21887787.0,0.0,15,15.23,0,2022-01-06 16:00:00
20220110,1641744000000,14.94,15.2,14.85,15.12,11011,16602919.0,0.0,15,14.94,0,2022-01-09 16:00:00
20220111,1641830400000,15.12,15.43,15.11,15.16,13209,20127393.0,0.0,15,15.12,0,2022-01-10 16:00:00
20220112,1641916800000,15.22,15.71,15.13,15.670000000000002,30711,47691401.00000001,0.0,15,15.16,0,2022-01-11 16:00:00
20220113,1642003200000,15.610000000000001,16.03,15.610000000000001,15.820000000000002,21537,34097289.0,0.0,15,15.670000000000002,0,2022-01-12 16:00:00
20220114,1642089600000,15.82,16.130000000000003,15.3,15.360000000000001,26221,40842289.99999999,0.0,15,15.82,0,2022-01-13 16:00:00
20220117,1642348800000,15.42,15.68,15.36,15.51,14843,23078562.0,0.0,15,15.36,0,2022-01-16 16:00:00
20220118,1642435200000,15.57,15.65,14.870000000000001,14.89,24214,36525015.0,0.0,15,15.510000000000002,0,2022-01-17 16:00:00
20220119,1642521600000,14.98,15.38,14.81,15.360000000000001,19363,29508590.0,0.0,15,14.89,0,2022-01-18 16:00:00
20220120,1642608000000,15.36,15.540000000000001,14.65,14.69,21680,32414676.000000004,0.0,15,15.36,0,2022-01-19 16:00:00
20220121,1642694400000,14.69,14.969999999999999,14.6,14.85,11516,17013111.999999996,0.0,15,14.69,0,2022-01-20 16:00:00
20220124,1642953600000,14.91,14.92,14.36,14.559999999999999,11028,16081082.0,0.0,15,14.85,0,2022-01-23 16:00:00
20220125,1643040000000,14.5,14.63,13.8,13.8,13579,19134893.999999996,0.0,15,14.56,0,2022-01-24 16:00:00
20220126,1643126400000,13.76,14.0,13.56,13.8,16748,23072064.999999996,0.0,15,13.8,0,2022-01-25 16:00:00
20220127,1643212800000,13.79,13.84,13.26,13.37,14670,19708852.0,0.0,15,13.8,0,2022-01-26 16:00:00
20220128,1643299200000,13.73,14.0,13.39,13.870000000000001,13223,18196260.999999996,0.0,15,13.370000000000001,0,2022-01-27 16:00:00
20220207,1644163200000,14.05,14.13,13.73,14.0,8126,11361130.000000002,0.0,15,13.870000000000001,0,2022-02-06 16:00:00
20220208,1644249600000,13.98,14.350000000000001,13.88,14.3,8835,12558872.0,0.0,15,14.0,0,2022-02-07 16:00:00
20220209,1644336000000,14.360000000000001,14.420000000000002,14.120000000000001,14.280000000000001,9233,13178353.0,0.0,15,14.3,0,2022-02-08 16:00:00
20220210,1644422400000,14.29,14.34,14.18,14.28,6650,9477986.0,0.0,15,14.28,0,2022-02-09 16:00:00
20220211,1644508800000,14.28,14.309999999999999,13.94,14.11,9780,13786243.0,0.0,15,14.28,0,2022-02-10 16:00:00
20220214,1644768000000,14.110000000000001,14.3,14.05,14.23,9702,13773398.999999998,0.0,15,14.110000000000001,0,2022-02-13 16:00:00
20220215,1644854400000,14.23,14.29,13.92,14.08,8933,12591447.0,0.0,15,14.23,0,2022-02-14 16:00:00
20220216,1644940800000,14.15,14.59,14.1,14.54,17395,25095211.000000004,0.0,15,14.08,0,2022-02-15 16:00:00
20220217,1645027200000,14.5,15.1,14.44,14.86,20273,30107799.0,0.0,15,14.54,0,2022-02-16 16:00:00
20220218,1645113600000,14.81,14.94,14.58,14.9,16272,24008110.0,0.0,15,14.86,0,2022-02-17 16:00:00
20220221,1645372800000,14.96,14.99,14.700000000000001,14.97,10857,16142210.000000002,0.0,15,14.9,0,2022-02-20 16:00:00
20220222,1645459200000,14.91,14.950000000000001,14.63,14.82,11222,16600839.0,0.0,15,14.97,0,2022-02-21 16:00:00
20220223,1645545600000,14.87,14.99,14.67,14.959999999999999,10394,15484319.0,0.0,15,14.82,0,2022-02-22 16:00:00
20220224,1645632000000,14.88,15.030000000000001,14.31,14.51,13913,20443615.0,0.0,15,14.96,0,2022-02-23 16:00:00
20220225,1645718400000,14.65,15.030000000000001,14.63,14.840000000000002,11597,17220194.0,0.0,15,14.510000000000002,0,2022-02-24 16:00:00
20220228,1645977600000,14.84,14.91,14.55,14.870000000000001,8053,11877573.000000002,0.0,15,14.84,0,2022-02-27 16:00:00
20220301,1646064000000,14.9,15.260000000000002,14.870000000000001,15.180000000000001,18684,28244412.0,0.0,15,14.870000000000001,0,2022-02-28 16:00:00
20220302,1646150400000,15.0,15.54,15.0,15.51,18082,27826059.0,0.0,15,15.18,0,2022-03-01 16:00:00
20220303,1646236800000,15.62,15.62,15.26,15.379999999999999,15261,23461417.000000004,0.0,15,15.51,0,2022-03-02 16:00:00
20220304,1646323200000,15.37,15.469999999999999,15.1,15.18,8494,12965225.0,0.0,15,15.379999999999999,0,2022-03-03 16:00:00
20220307,1646582400000,15.24,15.370000000000001,15.05,15.21,13943,21153898.000000004,0.0,15,15.180000000000001,0,2022-03-06 16:00:00
20220308,1646668800000,15.13,15.22,14.71,14.75,12659,18852885.0,0.0,15,15.21,0,2022-03-07 16:00:00
20220309,1646755200000,14.8,14.98,14.0,14.52,16076,23298183.0,0.0,15,14.75,0,2022-03-08 16:00:00
20220310,1646841600000,14.66,15.1,14.66,14.83,15678,23359524.0,0.0,15,14.52,0,2022-03-09 16:00:00
20220311,1646928000000,14.7,14.99,14.33,14.97,12371,18133187.000000004,0.0,15,14.83,0,2022-03-10 16:00:00
20220314,1647187200000,14.9,14.9,14.26,14.31,15732,22917879.0,0.0,15,14.969999999999999,0,2022-03-13 16:00:00
20220315,1647273600000,14.32,14.42,13.41,13.52,21733,30142020.000000004,0.0,15,14.31,0,2022-03-14 16:00:00
20220316,1647360000000,13.52,14.26,13.44,14.25,21792,30401644.000000004,0.0,15,13.52,0,2022-03-15 16:00:00
20220317,1647446400000,14.3,14.46,13.98,14.06,14257,20225251.0,0.0,15,14.25,0,2022-03-16 16:00:00
20220318,1647532800000,14.000000000000002,14.370000000000001,13.950000000000001,14.280000000000001,10166,14491851.0,0.0,15,14.06,0,2022-03-17 16:00:00
20220321,1647792000000,14.43,14.56,14.24,14.4,8411,12086964.0,0.0,15,14.28,0,2022-03-20 16:00:00
20220322,1647878400000,14.34,14.540000000000001,14.22,14.430000000000001,7429,10691857.000000002,0.0,15,14.4,0,2022-03-21 16:00:00
20220323,1647964800000,14.450000000000001,14.600000000000001,14.370000000000001,14.450000000000001,7116,10298892.999999998,0.0,15,14.430000000000001,0,2022-03-22 16:00:00
20220324,1648051200000,14.31,14.490000000000002,14.280000000000001,14.38,7438,10704925.0,0.0,15,14.450000000000001,0,2022-03-23 16:00:00
20220325,1648137600000,14.38,15.82,14.38,15.82,57767,90913457.0,0.0,15,14.38,0,2022-03-24 16:00:00
20220328,1648396800000,15.740000000000002,15.740000000000002,15.200000000000001,15.330000000000002,76897,118506435.0,0.0,15,15.82,0,2022-03-27 16:00:00
20220329,1648483200000,15.47,16.1,15.22,15.34,50374,78026352.0,0.0,15,15.33,0,2022-03-28 16:00:00
20220330,1648569600000,15.33,15.48,15.02,15.15,31799,48166292.0,0.0,15,15.34,0,2022-03-29 16:00:00
20220331,1648656000000,15.25,15.35,15.0,15.29,29457,44792487.99999999,0.0,15,15.15,0,2022-03-30 16:00:00
20220401,1648742400000,15.290000000000001,15.290000000000001,14.82,15.030000000000001,22180,33201994.000000004,0.0,15,15.290000000000001,0,2022-03-31 16:00:00
20220406,1649174400000,14.99,15.930000000000001,14.88,15.680000000000001,44755,69663110.0,0.0,15,15.030000000000001,0,2022-04-05 16:00:00
20220407,1649260800000,15.55,15.66,15.23,15.24,21945,33785654.0,0.0,15,15.68,0,2022-04-06 16:00:00
20220408,1649347200000,15.35,15.49,14.85,15.17,18535,27895592.0,0.0,15,15.24,0,2022-04-07 16:00:00
20220411,1649606400000,15.07,15.75,14.83,15.5,32939,50684593.0,0.0,15,15.17,0,2022-04-10 16:00:00
20220412,1649692800000,15.39,16.09,14.950000000000001,16.0,39206,61775913.0,0.0,15,15.500000000000002,0,2022-04-11 16:00:00
20220413,1649779200000,16.0,16.0,15.620000000000001,15.73,21972,34696471.0,0.0,15,16.0,0,2022-04-12 16:00:00
20220414,1649865600000,15.8,17.25,15.65,16.47,53562,88195455.0,0.0,15,15.73,0,2022-04-13 16:00:00
20220415,1649952000000,16.21,16.41,15.200000000000001,15.280000000000001,46991,73881090.0,0.0,15,16.470000000000002,0,2022-04-14 16:00:00
20220418,1650211200000,15.31,16.810000000000002,15.21,16.810000000000002,58771,96911297.00000001,0.0,15,15.280000000000001,0,2022-04-17 16:00:00
20220419,1650297600000,16.92,17.880000000000003,16.42,16.66,98593,166867910.00000003,0.0,15,16.810000000000002,0,2022-04-18 16:00:00
20220420,1650384000000,16.41,16.6,15.89,16.12,60166,97671449.0,0.0,15,16.66,0,2022-04-19 16:00:00
20220421,1650470400000,16.27,17.25,15.58,15.84,63467,103116172.0,0.0,15,16.12,0,2022-04-20 16:00:00
20220422,1650556800000,15.68,17.419999999999998,15.68,17.419999999999998,80552,138301659.0,0.0,15,15.84,0,2022-04-21 16:00:00
20220425,1650816000000,16.89,17.22,16.0,16.29,105403,174125661.0,0.0,15,17.42,0,2022-04-24 16:00:00
20220426,1650902400000,16.26,17.92,16.26,17.16,145323,250340963.00000003,0.0,15,16.290000000000003,0,2022-04-25 16:00:00
20220427,1650988800000,15.44,15.45,15.44,15.44,23036,35567625.0,0.0,15,17.16,0,2022-04-26 16:00:00
20220428,1651075200000,13.9,14.99,13.9,13.950000000000001,116736,165080358.0,0.0,15,15.440000000000001,0,2022-04-27 16:00:00
20220429,1651161600000,13.5,14.43,13.11,14.04,84557,116727966.00000001,0.0,15,13.95,0,2022-04-28 16:00:00
20220505,1651680000000,13.85,14.22,13.34,14.18,67153,93228946.99999999,0.0,15,14.04,0,2022-05-04 16:00:00
20220506,1651766400000,13.84,14.39,13.64,13.780000000000001,54913,76989296.0,0.0,15,14.18,0,2022-05-05 16:00:00
20220509,1652025600000,13.7,14.2,13.42,14.0,39277,54870521.99999999,0.0,15,13.78,0,2022-05-08 16:00:00
20220510,1652112000000,13.79,13.95,13.6,13.91,33834,46635724.00000001,0.0,15,14.0,0,2022-05-09 16:00:00
20220511,1652198400000,13.93,14.200000000000001,13.74,13.74,54239,75695682.99999999,0.0,15,13.91,0,2022-05-10 16:00:00
20220512,1652284800000,13.680000000000001,13.98,13.55,13.98,35879,49511690.0,0.0,15,13.74,0,2022-05-11 16:00:00
20220513,1652371200000,14.010000000000002,14.200000000000001,13.780000000000001,13.930000000000001,36501,50897846.0,0.0,15,13.98,0,2022-05-12 16:00:00
20220516,1652630400000,13.930000000000001,13.99,13.72,13.82,26330,36409904.0,0.0,15,13.930000000000001,0,2022-05-15 16:00:00
20220517,1652716800000,13.81,13.82,13.33,13.46,32211,43405270.0,0.0,15,13.82,0,2022-05-16 16:00:00
20220518,1652803200000,13.46,13.790000000000001,13.41,13.64,28725,39185371.0,0.0,15,13.46,0,2022-05-17 16:00:00
20220519,1652889600000,13.56,13.68,13.43,13.629999999999999,23592,31967204.000000004,0.0,15,13.64,0,2022-05-18 16:00:00
20220520,1652976000000,13.629999999999999,13.78,13.61,13.69,22416,30676878.0,0.0,15,13.629999999999999,0,2022-05-19 16:00:00
20220523,1653235200000,13.69,13.950000000000001,13.65,13.94,26462,36618962.0,0.0,15,13.69,0,2022-05-22 16:00:00
20220524,1653321600000,13.98,14.1,13.49,13.5,34216,46849008.00000001,0.0,15,13.94,0,2022-05-23 16:00:00
20220525,1653408000000,13.5,13.72,13.5,13.7,19967,27181512.0,0.0,15,13.5,0,2022-05-24 16:00:00
20220526,1653494400000,13.72,13.87,13.5,13.82,24900,34155777.0,0.0,15,13.7,0,2022-05-25 16:00:00
20220527,1653580800000,13.8,13.86,13.58,13.7,23101,31712417.0,0.0,15,13.82,0,2022-05-26 16:00:00
20220530,1653840000000,13.719999999999999,13.79,13.52,13.78,21758,29754697.000000004,0.0,15,13.7,0,2022-05-29 16:00:00
20220531,1653926400000,13.790000000000001,13.8,13.58,13.8,16477,22606030.0,0.0,15,13.78,0,2022-05-30 16:00:00
20220601,1654012800000,13.780000000000001,14.06,13.73,14.01,29974,41718290.0,0.0,15,13.8,0,2022-05-31 16:00:00
20220602,1654099200000,14.000000000000002,14.190000000000001,13.700000000000001,13.97,29185,40615258.0,0.0,15,14.010000000000002,0,2022-06-01 16:00:00
20220606,1654444800000,13.96,14.440000000000001,13.9,14.24,30512,43230398.0,0.0,15,13.97,0,2022-06-05 16:00:00
20220607,1654531200000,14.22,14.23,13.96,14.08,21488,30202485.0,0.0,15,14.24,0,2022-06-06 16:00:00
20220608,1654617600000,14.120000000000001,14.14,13.73,13.99,20546,28598278.0,0.0,15,14.08,0,2022-06-07 16:00:00
20220609,1654704000000,13.92,14.05,13.83,14.01,14643,20356593.0,0.0,15,13.99,0,2022-06-08 16:00:00
20220610,1654790400000,14.030000000000001,14.200000000000001,13.9,14.06,23750,33411590.0,0.0,15,14.01,0,2022-06-09 16:00:00
20220613,1655049600000,13.96,14.06,13.83,13.94,18626,25924426.0,0.0,15,14.06,0,2022-06-12 16:00:00
20220614,1655136000000,13.88,13.88,13.46,13.8,20581,28150910.0,0.0,15,13.940000000000001,0,2022-06-13 16:00:00
20220615,1655222400000,13.8,13.940000000000001,13.71,13.82,19497,27027381.0,0.0,15,13.8,0,2022-06-14 16:00:00
20220616,1655308800000,13.860000000000001,14.040000000000001,13.8,14.040000000000001,20031,27950479.0,0.0,15,13.82,0,2022-06-15 16:00:00
20220617,1655395200000,13.95,14.040000000000001,13.66,13.97,18152,25203860.0,0.0,15,14.040000000000001,0,2022-06-16 16:00:00
20220620,1655654400000,13.97,14.350000000000001,13.97,14.17,25733,36410930.99999999,0.0,15,13.97,0,2022-06-19 16:00:00
20220621,1655740800000,14.11,14.25,13.92,14.18,15299,21533151.0,0.0,15,14.17,0,2022-06-20 16:00:00
20220622,1655827200000,14.15,14.15,13.9,13.97,12896,18061341.0,0.0,15,14.18,0,2022-06-21 16:00:00
20220623,1655913600000,13.96,14.21,13.91,14.18,18743,26440131.000000004,0.0,15,13.97,0,2022-06-22 16:00:00
20220624,1656000000000,14.21,14.3,14.0,14.19,19135,27083723.0,0.0,15,14.18,0,2022-06-23 16:00:00
20220627,1656259200000,14.23,14.72,14.200000000000001,14.360000000000001,31542,45598519.0,0.0,15,14.190000000000001,0,2022-06-26 16:00:00
20220628,1656345600000,14.38,14.65,14.22,14.55,22597,32783831.0,0.0,15,14.360000000000001,0,2022-06-27 16:00:00
20220629,1656432000000,14.55,14.64,14.22,14.25,16544,23827545.0,0.0,15,14.55,0,2022-06-28 16:00:00
20220630,1656518400000,14.37,14.56,14.33,14.38,18425,26617292.0,0.0,15,14.25,0,2022-06-29 16:00:00
20220701,1656604800000,14.459999999999999,14.51,14.26,14.39,10940,15719656.0,0.0,15,14.379999999999999,0,2022-06-30 16:00:00
20220704,1656864000000,14.36,14.51,14.24,14.5,14720,21207856.000000004,0.0,15,14.39,0,2022-07-03 16:00:00
20220705,1656950400000,14.549999999999999,15.209999999999999,14.44,14.719999999999999,36424,53714288.0,0.0,15,14.5,0,2022-07-04 16:00:00
20220706,1657036800000,14.6,15.16,14.33,14.91,42260,62263986.0,0.0,15,14.72,0,2022-07-05 16:00:00
20220707,1657123200000,14.760000000000002,14.89,14.540000000000001,14.590000000000002,27718,40658782.00000001,0.0,15,14.91,0,2022-07-06 16:00:00
20220708,1657209600000,14.57,14.68,14.49,14.51,19575,28544062.0,0.0,15,14.59,0,2022-07-07 16:00:00
20220711,1657468800000,14.52,14.52,14.16,14.28,18174,25992753.0,0.0,15,14.51,0,2022-07-10 16:00:00
20220712,1657555200000,14.309999999999999,14.389999999999999,13.94,13.969999999999999,17650,24909409.0,0.0,15,14.28,0,2022-07-11 16:00:00
20220713,1657641600000,13.92,14.25,13.91,14.19,14772,20877253.0,0.0,15,13.97,0,2022-07-12 16:00:00
20220714,1657728000000,14.290000000000001,14.290000000000001,14.05,14.09,11737,16614143.0,0.0,15,14.190000000000001,0,2022-07-13 16:00:00
20220715,1657814400000,14.120000000000001,14.120000000000001,13.620000000000001,13.670000000000002,24898,34291965.00000001,0.0,15,14.090000000000002,0,2022-07-14 16:00:00
20220718,1658073600000,13.600000000000001,14.030000000000001,13.540000000000001,14.000000000000002,20628,28593575.0,0.0,15,13.500000000000002,0,2022-07-17 16:00:00
20220719,1658160000000,14.09,14.15,13.94,14.139999999999999,11826,16654719.0,0.0,15,14.0,0,2022-07-18 16:00:00
20220720,1658246400000,14.15,14.200000000000001,14.07,14.19,9719,13736691.0,0.0,15,14.14,0,2022-07-19 16:00:00
20220721,1658332800000,14.19,14.299999999999999,14.1,14.16,11479,16312477.000000002,0.0,15,14.19,0,2022-07-20 16:00:00
20220722,1658419200000,14.180000000000001,14.360000000000001,14.120000000000001,14.24,12202,17390753.0,0.0,15,14.16,0,2022-07-21 16:00:00
20220725,1658678400000,14.25,14.35,14.11,14.229999999999999,9902,14061105.999999998,0.0,15,14.24,0,2022-07-24 16:00:00
20220726,1658764800000,14.200000000000001,14.250000000000002,14.030000000000001,14.240000000000002,8731,12357391.0,0.0,15,14.23,0,2022-07-25 16:00:00
20220727,1658851200000,14.26,14.47,14.24,14.44,15456,22226781.0,0.0,15,14.24,0,2022-07-26 16:00:00
20220728,1658937600000,14.5,14.91,14.44,14.58,27173,39830240.00000001,0.0,15,14.44,0,2022-07-27 16:00:00
20220729,1659024000000,14.56,14.790000000000001,14.46,14.530000000000001,12957,18890227.999999996,0.0,15,14.58,0,2022-07-28 16:00:00
20220801,1659283200000,14.610000000000001,14.64,14.370000000000001,14.48,10733,15538163.0,0.0,15,14.530000000000001,0,2022-07-31 16:00:00
20220802,1659369600000,14.48,14.48,13.67,13.82,22363,31050874.0,0.0,15,14.48,0,2022-08-01 16:00:00
20220803,1659456000000,13.83,14.15,13.68,13.77,14018,19549667.0,0.0,15,13.82,0,2022-08-02 16:00:00
20220804,1659542400000,13.9,14.19,13.82,14.15,20191,28340118.999999996,0.0,15,13.77,0,2022-08-03 16:00:00
20220805,1659628800000,14.200000000000001,14.200000000000001,13.99,14.15,10454,14730154.0,0.0,15,14.15,0,2022-08-04 16:00:00
20220808,1659888000000,14.18,14.34,14.07,14.3,7729,10991751.0,0.0,15,14.15,0,2022-08-07 16:00:00
20220809,1659974400000,14.3,14.540000000000001,14.24,14.53,15085,21748053.0,0.0,15,14.3,0,2022-08-08 16:00:00
20220810,1660060800000,14.48,14.620000000000001,14.450000000000001,14.600000000000001,9127,13284466.0,0.0,15,14.530000000000001,0,2022-08-09 16:00:00
20220811,1660147200000,14.620000000000001,14.750000000000002,14.530000000000001,14.620000000000001,12006,17580793.0,0.0,15,14.600000000000001,0,2022-08-10 16:00:00
20220812,1660233600000,14.62,14.76,14.58,14.6,10245,15027015.0,0.0,15,14.62,0,2022-08-11 16:00:00
20220815,1660492800000,14.690000000000001,14.690000000000001,14.370000000000001,14.63,11821,17203881.0,0.0,15,14.600000000000001,0,2022-08-14 16:00:00
20220816,1660579200000,14.68,14.8,14.58,14.64,10241,15003090.0,0.0,15,14.63,0,2022-08-15 16:00:00
20220817,1660665600000,14.639999999999999,15.2,14.61,15.059999999999999,31637,47282790.00000001,0.0,15,14.639999999999999,0,2022-08-16 16:00:00
20220818,1660752000000,15.0,15.0,14.75,14.75,14802,21990348.0,0.0,15,15.06,0,2022-08-17 16:00:00
20220819,1660838400000,14.709999999999999,14.95,14.61,14.62,11910,17585412.000000004,0.0,15,14.75,0,2022-08-18 16:00:00
20220822,1661097600000,14.610000000000001,14.700000000000001,14.530000000000001,14.64,9792,14321520.0,0.0,15,14.620000000000001,0,2022-08-21 16:00:00
20220823,1661184000000,14.61,14.92,14.43,14.89,12969,19067453.0,0.0,15,14.64,0,2022-08-22 16:00:00
20220824,1661270400000,14.83,14.83,14.4,14.5,14843,21654257.0,0.0,15,14.89,0,2022-08-23 16:00:00
20220825,1661356800000,14.57,14.65,14.14,14.39,13574,19486100.000000004,0.0,15,14.5,0,2022-08-24 16:00:00
20220826,1661443200000,14.44,14.55,14.17,14.24,8275,11870651.0,0.0,15,14.39,0,2022-08-25 16:00:00
20220829,1661702400000,14.2,14.66,14.1,14.66,12509,18141613.0,0.0,15,14.24,0,2022-08-28 16:00:00
20220830,1661788800000,14.64,14.84,14.59,14.7,14357,21078813.0,0.0,15,14.66,0,2022-08-29 16:00:00
20220831,1661875200000,14.74,14.750000000000002,14.290000000000001,14.340000000000002,13959,20146744.0,0.0,15,14.700000000000001,0,2022-08-30 16:00:00
20220901,1661961600000,14.379999999999999,14.82,14.34,14.44,17429,25401620.0,0.0,15,14.34,0,2022-08-31 16:00:00
20220902,1662048000000,14.430000000000001,14.840000000000002,14.370000000000001,14.8,15001,21993766.0,0.0,15,14.440000000000001,0,2022-09-01 16:00:00
20220905,1662307200000,14.81,14.94,14.65,14.85,10553,15598683.0,0.0,15,14.8,0,2022-09-04 16:00:00
20220906,1662393600000,14.930000000000001,14.99,14.8,14.850000000000001,10512,15629516.0,0.0,15,14.850000000000001,0,2022-09-05 16:00:00
20220907,1662480000000,14.879999999999999,15.129999999999999,14.69,14.87,18184,27144965.0,0.0,15,14.85,0,2022-09-06 16:00:00
20220908,1662566400000,14.88,15.0,14.65,14.88,12474,18473021.000000004,0.0,15,14.870000000000001,0,2022-09-07 16:00:00
20220909,1662652800000,14.850000000000001,14.920000000000002,14.620000000000001,14.65,8231,12129686.0,0.0,15,14.88,0,2022-09-08 16:00:00
20220913,1662998400000,14.69,15.05,14.65,15.0,18219,27194032.0,0.0,15,14.65,0,2022-09-12 16:00:00
20220914,1663084800000,14.91,15.07,14.76,15.07,12852,19212666.0,0.0,15,15.0,0,2022-09-13 16:00:00
20220915,1663171200000,15.07,15.07,14.6,14.83,15580,23025144.0,0.0,15,15.07,0,2022-09-14 16:00:00
20220916,1663257600000,14.83,14.95,14.34,14.36,17337,25384581.0,0.0,15,14.83,0,2022-09-15 16:00:00
20220919,1663516800000,14.13,14.39,13.75,13.83,17587,24520994.000000004,0.0,15,14.36,0,2022-09-18 16:00:00
20220920,1663603200000,13.84,14.2,13.84,14.14,11127,15683922.0,0.0,15,13.83,0,2022-09-19 16:00:00
20220921,1663689600000,14.09,14.35,13.92,14.26,10324,14612599.000000002,0.0,15,14.14,0,2022-09-20 16:00:00
20220922,1663776000000,14.200000000000001,14.48,14.05,14.09,10145,14395692.0,0.0,15,14.260000000000002,0,2022-09-21 16:00:00
20220923,1663862400000,14.13,14.13,13.66,13.67,11406,15794554.0,0.0,15,14.09,0,2022-09-22 16:00:00
20220926,1664121600000,13.600000000000001,13.690000000000001,13.38,13.450000000000001,11575,15665167.0,0.0,15,13.67,0,2022-09-25 16:00:00
20220927,1664208000000,13.57,13.879999999999999,13.36,13.87,9413,12900008.0,0.0,15,13.45,0,2022-09-26 16:00:00
20220928,1664294400000,13.86,13.91,13.6,13.7,7393,10188664.000000002,0.0,15,13.87,0,2022-09-27 16:00:00
20220929,1664380800000,13.71,14.07,13.700000000000001,13.850000000000001,11925,16605814.0,0.0,15,13.700000000000001,0,2022-09-28 16:00:00
20220930,1664467200000,13.8,13.88,13.5,13.61,11214,15372097.0,0.0,15,13.85,0,2022-09-29 16:00:00
20221010,1665331200000,13.51,13.85,13.44,13.58,9975,13588561.0,0.0,15,13.61,0,2022-10-09 16:00:00
20221011,1665417600000,13.520000000000001,14.18,13.06,14.18,20256,27402309.0,0.0,15,13.58,0,2022-10-10 16:00:00
20221012,1665504000000,14.2,14.92,13.6,14.62,67310,95878394.0,0.0,15,14.18,0,2022-10-11 16:00:00
20221013,1665590400000,14.3,15.06,14.120000000000001,14.950000000000001,56059,81690008.0,0.0,15,14.620000000000001,0,2022-10-12 16:00:00
20221014,1665676800000,14.71,15.420000000000002,14.700000000000001,14.74,62351,93441223.0,0.0,15,14.950000000000001,0,2022-10-13 16:00:00
20221017,1665936000000,14.62,15.9,14.59,15.24,66821,102768870.0,0.0,15,14.74,0,2022-10-16 16:00:00
20221018,1666022400000,15.08,15.55,15.05,15.07,42926,65237799.99999999,0.0,15,15.24,0,2022-10-17 16:00:00
20221019,1666108800000,15.13,15.13,14.65,14.68,33794,50047874.0,0.0,15,15.07,0,2022-10-18 16:00:00
20221020,1666195200000,14.68,14.83,14.56,14.71,25320,37178050.0,0.0,15,14.68,0,2022-10-19 16:00:00
20221021,1666281600000,14.700000000000001,15.01,14.56,14.56,25044,36957448.0,0.0,15,14.71,0,2022-10-20 16:00:00
20221024,1666540800000,14.600000000000001,14.690000000000001,14.22,14.22,23284,33638365.0,0.0,15,14.56,0,2022-10-23 16:00:00
20221025,1666627200000,14.170000000000002,14.170000000000002,13.63,13.89,23951,33186992.999999996,0.0,15,14.22,0,2022-10-24 16:00:00
20221026,1666713600000,13.98,14.11,13.85,13.95,16755,23400433.0,0.0,15,13.889999999999999,0,2022-10-25 16:00:00
20221027,1666800000000,14.0,14.4,13.96,14.260000000000002,19004,27008854.0,0.0,15,13.950000000000001,0,2022-10-26 16:00:00
20221028,1666886400000,14.26,14.27,13.76,13.879999999999999,18553,25821353.0,0.0,15,14.26,0,2022-10-27 16:00:00
20221031,1667145600000,13.91,14.040000000000001,13.82,13.91,11705,16312869.0,0.0,15,13.88,0,2022-10-30 16:00:00
20221101,1667232000000,13.91,14.2,13.91,14.18,15040,21189361.0,0.0,15,13.91,0,2022-10-31 16:00:00
20221102,1667318400000,14.1,14.4,14.1,14.27,16128,23022508.0,0.0,15,14.18,0,2022-11-01 16:00:00
20221103,1667404800000,14.2,14.65,14.1,14.48,16282,23416816.0,0.0,15,14.27,0,2022-11-02 16:00:00
20221104,1667491200000,14.52,14.65,14.43,14.62,18429,26831048.0,0.0,15,14.48,0,2022-11-03 16:00:00
20221107,1667750400000,14.65,14.950000000000001,14.55,14.88,21917,32451280.000000004,0.0,15,14.620000000000001,0,2022-11-06 16:00:00
20221108,1667836800000,14.88,15.040000000000001,14.780000000000001,14.98,16700,24921167.0,0.0,15,14.88,0,2022-11-07 16:00:00
20221109,1667923200000,14.97,15.28,14.83,15.01,21339,32217680.000000004,0.0,15,14.98,0,2022-11-08 16:00:00
20221110,1668009600000,14.99,15.22,14.950000000000001,15.05,20166,30517619.0,0.0,15,15.010000000000002,0,2022-11-09 16:00:00
20221111,1668096000000,15.18,15.54,15.02,15.02,23847,36420517.0,0.0,15,15.049999999999999,0,2022-11-10 16:00:00
20221114,1668355200000,15.000000000000002,15.38,14.870000000000001,14.870000000000001,18817,28327877.000000004,0.0,15,15.020000000000001,0,2022-11-13 16:00:00
20221115,1668441600000,15.17,15.18,14.82,15.030000000000001,17736,26538556.000000004,0.0,15,14.870000000000001,0,2022-11-14 16:00:00
20221116,1668528000000,15.090000000000002,15.500000000000002,15.030000000000001,15.360000000000001,19281,29559211.0,0.0,15,15.030000000000001,0,2022-11-15 16:00:00
20221117,1668614400000,15.350000000000001,15.46,15.200000000000001,15.3,11075,16986164.0,0.0,15,15.360000000000001,0,2022-11-16 16:00:00
20221118,1668700800000,15.26,15.42,15.14,15.14,11303,17230888.0,0.0,15,15.3,0,2022-11-17 16:00:00
20221121,1668960000000,15.1,15.26,14.83,15.2,12416,18767745.0,0.0,15,15.14,0,2022-11-20 16:00:00
20221122,1669046400000,15.13,15.47,14.950000000000001,15.040000000000001,14745,22397093.000000004,0.0,15,15.200000000000001,0,2022-11-21 16:00:00
20221123,1669132800000,15.09,15.16,14.56,14.8,16260,23991218.0,0.0,15,15.040000000000001,0,2022-11-22 16:00:00
20221124,1669219200000,14.85,15.37,14.84,15.33,19459,29646496.0,0.0,15,14.8,0,2022-11-23 16:00:00
20221125,1669305600000,15.33,15.45,15.1,15.27,12224,18606912.0,0.0,15,15.33,0,2022-11-24 16:00:00
20221128,1669564800000,15.219999999999999,15.28,14.85,15.0,10298,15438223.000000002,0.0,15,15.27,0,2022-11-27 16:00:00
20221129,1669651200000,15.0,15.450000000000001,14.99,15.43,19539,29796557.000000004,0.0,15,15.0,0,2022-11-28 16:00:00
20221130,1669737600000,15.35,15.49,15.15,15.23,12729,19463724.0,0.0,15,15.43,0,2022-11-29 16:00:00
20221201,1669824000000,15.33,15.58,14.89,15.49,16163,24935192.0,0.0,15,15.23,0,2022-11-30 16:00:00
20221202,1669910400000,15.500000000000002,16.310000000000002,15.290000000000001,16.05,36148,57577036.0,0.0,15,15.49,0,2022-12-01 16:00:00
20221205,1670169600000,16.29,16.380000000000003,15.71,15.780000000000001,27848,44181287.0,0.0,15,16.05,0,2022-12-04 16:00:00
20221206,1670256000000,15.84,15.88,15.5,15.7,21935,34347033.0,0.0,15,15.78,0,2022-12-05 16:00:00
20221207,1670342400000,15.690000000000001,17.03,15.610000000000001,16.400000000000002,71531,118454248.00000001,0.0,15,15.700000000000001,0,2022-12-06 16:00:00
20221208,1670428800000,16.28,16.35,15.83,15.97,32698,52356222.00000001,0.0,15,16.4,0,2022-12-07 16:00:00
20221209,1670515200000,16.1,16.5,15.71,16.17,29743,48058046.0,0.0,15,15.97,0,2022-12-08 16:00:00
20221212,1670774400000,16.16,16.41,15.84,15.98,19280,31004990.000000004,0.0,15,16.169999999999998,0,2022-12-11 16:00:00
20221213,1670860800000,15.68,16.6,15.68,16.18,27583,44941640.99999999,0.0,15,15.98,0,2022-12-12 16:00:00
20221214,1670947200000,16.2,16.740000000000002,15.81,16.61,25330,41674977.0,0.0,15,16.18,0,2022-12-13 16:00:00
20221215,1671033600000,16.59,16.78,16.0,16.17,22571,36706205.0,0.0,15,16.61,0,2022-12-14 16:00:00
20221216,1671120000000,16.0,16.48,15.92,16.25,20413,33117398.0,0.0,15,16.17,0,2022-12-15 16:00:00
20221219,1671379200000,16.37,16.44,15.57,15.89,22821,36115406.00000001,0.0,15,16.25,0,2022-12-18 16:00:00
20221220,1671465600000,15.91,16.060000000000002,15.3,15.790000000000001,15467,24383809.0,0.0,15,15.89,0,2022-12-19 16:00:00
20221221,1671552000000,15.96,16.12,15.540000000000001,15.600000000000001,11552,18209377.999999996,0.0,15,15.790000000000001,0,2022-12-20 16:00:00
20221222,1671638400000,15.78,15.78,15.26,15.379999999999999,13890,21470239.0,0.0,15,15.6,0,2022-12-21 16:00:00
20221223,1671724800000,15.360000000000001,15.420000000000002,14.96,15.16,15322,23326070.0,0.0,15,15.38,0,2022-12-22 16:00:00
20221226,1671984000000,15.15,15.68,15.15,15.32,10079,15535907.0,0.0,15,15.16,0,2022-12-25 16:00:00
20221227,1672070400000,15.39,15.49,14.99,15.08,9110,13768825.000000002,0.0,15,15.32,0,2022-12-26 16:00:00
20221228,1672156800000,14.98,15.08,14.49,14.59,17180,25210487.000000004,0.0,15,15.08,0,2022-12-27 16:00:00
20221229,1672243200000,14.629999999999999,14.74,14.44,14.52,9295,13554444.0,0.0,15,14.59,0,2022-12-28 16:00:00
20221230,1672329600000,14.56,14.73,14.4,14.67,8472,12344120.0,0.0,15,14.52,0,2022-12-29 16:00:00
