date,time,open,high,low,close,volume,amount,settelementPrice,openInterest,preClose,suspendFlag,datetime
20220104,1641225600000,3.0999999999999996,3.19,3.09,3.17,172487,54395245.0,0.0,15,3.0999999999999996,0,2022-01-03 16:00:00
20220105,1641312000000,3.17,3.21,3.14,3.19,140372,44613577.0,0.0,15,3.17,0,2022-01-04 16:00:00
20220106,1641398400000,3.18,3.29,3.16,3.25,190470,61973950.0,0.0,15,3.19,0,2022-01-05 16:00:00
20220107,1641484800000,3.27,3.3600000000000003,3.2600000000000002,3.2800000000000002,249328,82609057.00000001,0.0,15,3.2500000000000004,0,2022-01-06 16:00:00
20220110,1641744000000,3.28,3.33,3.25,3.29,158886,52173227.00000001,0.0,15,3.28,0,2022-01-09 16:00:00
20220111,1641830400000,3.2800000000000002,3.3600000000000003,3.2800000000000002,3.31,199483,66383767.0,0.0,15,3.29,0,2022-01-10 16:00:00
20220112,1641916800000,3.31,3.33,3.24,3.3000000000000003,150159,49222921.0,0.0,15,3.31,0,2022-01-11 16:00:00
20220113,1642003200000,3.29,3.39,3.27,3.33,209041,69969098.0,0.0,15,3.3,0,2022-01-12 16:00:00
20220114,1642089600000,3.33,3.3400000000000003,3.22,3.23,180085,58713447.00000001,0.0,15,3.33,0,2022-01-13 16:00:00
20220117,1642348800000,3.23,3.32,3.21,3.23,113883,37001215.0,0.0,15,3.23,0,2022-01-16 16:00:00
20220118,1642435200000,3.23,3.27,3.18,3.22,134780,43520565.0,0.0,15,3.23,0,2022-01-17 16:00:00
20220119,1642521600000,3.2,3.29,3.2,3.27,134305,43863450.0,0.0,15,3.22,0,2022-01-18 16:00:00
20220120,1642608000000,3.27,3.33,3.23,3.23,206136,67717808.0,0.0,15,3.27,0,2022-01-19 16:00:00
20220121,1642694400000,3.25,3.3200000000000003,3.2,3.2600000000000002,150451,48983596.0,0.0,15,3.23,0,2022-01-20 16:00:00
20220124,1642953600000,3.23,3.31,3.15,3.23,154702,50088111.0,0.0,15,3.26,0,2022-01-23 16:00:00
20220125,1643040000000,3.23,3.27,3.1,3.13,115892,36796313.0,0.0,15,3.23,0,2022-01-24 16:00:00
20220126,1643126400000,3.13,3.2800000000000002,3.1,3.21,139227,44556103.0,0.0,15,3.13,0,2022-01-25 16:00:00
20220127,1643212800000,3.1999999999999997,3.21,3.13,3.15,100595,31839463.000000004,0.0,15,3.21,0,2022-01-26 16:00:00
20220128,1643299200000,3.16,3.2600000000000002,3.12,3.24,162834,52189749.0,0.0,15,3.15,0,2022-01-27 16:00:00
20220207,1644163200000,3.28,3.41,3.21,3.37,378538,126042333.0,0.0,15,3.2399999999999998,0,2022-02-06 16:00:00
20220208,1644249600000,3.34,3.43,3.31,3.42,286024,96717820.00000001,0.0,15,3.37,0,2022-02-07 16:00:00
20220209,1644336000000,3.44,3.49,3.37,3.41,268609,91853473.0,0.0,15,3.42,0,2022-02-08 16:00:00
20220210,1644422400000,3.4,3.42,3.35,3.41,172835,58522699.00000001,0.0,15,3.41,0,2022-02-09 16:00:00
20220211,1644508800000,3.48,3.54,3.38,3.4,262152,90129308.0,0.0,15,3.4099999999999997,0,2022-02-10 16:00:00
20220214,1644768000000,3.38,3.43,3.33,3.35,202805,68175472.0,0.0,15,3.4,0,2022-02-13 16:00:00
20220215,1644854400000,3.35,3.37,3.2600000000000002,3.29,183245,60850392.0,0.0,15,3.35,0,2022-02-14 16:00:00
20220216,1644940800000,3.29,3.49,3.2800000000000002,3.47,294754,100557896.0,0.0,15,3.29,0,2022-02-15 16:00:00
20220217,1645027200000,3.4099999999999997,3.44,3.36,3.4099999999999997,198536,67567319.00000001,0.0,15,3.4699999999999998,0,2022-02-16 16:00:00
20220218,1645113600000,3.3699999999999997,3.54,3.36,3.54,351834,122812536.0,0.0,15,3.4099999999999997,0,2022-02-17 16:00:00
20220221,1645372800000,3.52,3.56,3.48,3.55,243290,85662373.0,0.0,15,3.54,0,2022-02-20 16:00:00
20220222,1645459200000,3.52,3.71,3.5,3.6,423328,152525672.99999997,0.0,15,3.55,0,2022-02-21 16:00:00
20220223,1645545600000,3.58,3.6,3.46,3.48,277360,97563535.0,0.0,15,3.6,0,2022-02-22 16:00:00
20220224,1645632000000,3.48,3.62,3.4,3.48,400853,141925592.0,0.0,15,3.48,0,2022-02-23 16:00:00
20220225,1645718400000,3.52,3.5700000000000003,3.41,3.45,208611,72538665.0,0.0,15,3.48,0,2022-02-24 16:00:00
20220228,1645977600000,3.4899999999999998,3.4899999999999998,3.36,3.3699999999999997,152856,51898392.0,0.0,15,3.4499999999999997,0,2022-02-27 16:00:00
20220301,1646064000000,3.39,3.45,3.37,3.45,126042,43075563.0,0.0,15,3.37,0,2022-02-28 16:00:00
20220302,1646150400000,3.44,3.5100000000000002,3.43,3.47,142761,49603946.0,0.0,15,3.45,0,2022-03-01 16:00:00
20220303,1646236800000,3.4899999999999998,3.56,3.48,3.53,181650,64153550.0,0.0,15,3.47,0,2022-03-02 16:00:00
20220304,1646323200000,3.54,3.54,3.39,3.42,178458,61361032.0,0.0,15,3.5300000000000002,0,2022-03-03 16:00:00
20220307,1646582400000,3.42,3.49,3.41,3.43,156958,54181207.99999999,0.0,15,3.42,0,2022-03-06 16:00:00
20220308,1646668800000,3.45,3.45,3.31,3.33,164488,55190033.0,0.0,15,3.43,0,2022-03-07 16:00:00
20220309,1646755200000,3.33,3.37,3.13,3.25,170045,55194994.00000001,0.0,15,3.33,0,2022-03-08 16:00:00
20220310,1646841600000,3.29,3.39,3.25,3.35,166025,55453845.0,0.0,15,3.25,0,2022-03-09 16:00:00
20220311,1646928000000,3.34,3.4,3.25,3.38,123564,41062225.00000001,0.0,15,3.35,0,2022-03-10 16:00:00
20220314,1647187200000,3.37,3.4400000000000004,3.2800000000000002,3.31,120681,40622868.0,0.0,15,3.3800000000000003,0,2022-03-13 16:00:00
20220315,1647273600000,3.2900000000000005,3.3100000000000005,3.0700000000000003,3.0700000000000003,185310,59014892.0,0.0,15,3.3100000000000005,0,2022-03-14 16:00:00
20220316,1647360000000,3.1100000000000003,3.2100000000000004,3.0500000000000003,3.2100000000000004,136424,42858276.0,0.0,15,3.0700000000000003,0,2022-03-15 16:00:00
20220317,1647446400000,3.28,3.5300000000000002,3.27,3.42,502403,173326832.0,0.0,15,3.21,0,2022-03-16 16:00:00
20220318,1647532800000,3.36,3.68,3.31,3.63,656683,232360152.0,0.0,15,3.42,0,2022-03-17 16:00:00
20220321,1647792000000,3.6599999999999997,3.77,3.63,3.7399999999999998,507967,188526643.0,0.0,15,3.63,0,2022-03-20 16:00:00
20220322,1647878400000,3.7399999999999998,3.86,3.67,3.79,471173,177953823.00000003,0.0,15,3.7399999999999998,0,2022-03-21 16:00:00
20220323,1647964800000,3.7800000000000002,3.8400000000000003,3.68,3.7800000000000002,514944,193583814.00000003,0.0,15,3.79,0,2022-03-22 16:00:00
20220324,1648051200000,3.72,3.85,3.7,3.73,326488,122910247.0,0.0,15,3.7800000000000002,0,2022-03-23 16:00:00
20220325,1648137600000,3.71,4.1,3.63,3.96,770527,301914174.0,0.0,15,3.73,0,2022-03-24 16:00:00
20220328,1648396800000,3.9000000000000004,4.04,3.7800000000000002,3.93,649697,254611520.0,0.0,15,3.9600000000000004,0,2022-03-27 16:00:00
20220329,1648483200000,3.8800000000000003,3.93,3.7800000000000002,3.8200000000000003,467267,180117067.0,0.0,15,3.93,0,2022-03-28 16:00:00
20220330,1648569600000,3.83,4.2,3.83,4.14,1222674,500233525.0,0.0,15,3.8200000000000003,0,2022-03-29 16:00:00
20220331,1648656000000,4.1,4.34,4.01,4.05,1222232,502514058.99999994,0.0,15,4.14,0,2022-03-30 16:00:00
20220401,1648742400000,3.93,4.46,3.93,4.46,710286,296133031.0,0.0,15,4.05,0,2022-03-31 16:00:00
20220406,1649174400000,4.91,4.91,4.7700000000000005,4.91,902988,441279609.0,0.0,15,4.460000000000001,0,2022-04-05 16:00:00
20220407,1649260800000,5.0,5.4,4.9,5.010000000000001,2598203,1356944404.0,0.0,15,4.91,0,2022-04-06 16:00:00
20220408,1649347200000,4.58,5.510000000000001,4.5600000000000005,5.510000000000001,2637651,1337226219.0,0.0,15,5.010000000000001,0,2022-04-07 16:00:00
20220411,1649606400000,5.02,5.04,4.96,4.96,328782,163631474.0,0.0,15,5.51,0,2022-04-10 16:00:00
20220412,1649692800000,4.46,4.77,4.46,4.46,1997675,902439845.0,0.0,15,4.96,0,2022-04-11 16:00:00
20220413,1649779200000,4.24,4.29,4.01,4.01,1528097,625723348.0000001,0.0,15,4.46,0,2022-04-12 16:00:00
20220414,1649865600000,4.05,4.25,4.03,4.12,1144037,471146196.00000006,0.0,15,4.010000000000001,0,2022-04-13 16:00:00
20220415,1649952000000,4.13,4.34,4.07,4.21,1249657,526955990.0,0.0,15,4.12,0,2022-04-14 16:00:00
20220418,1650211200000,4.04,4.45,4.0200000000000005,4.1000000000000005,1102423,464980416.0,0.0,15,4.210000000000001,0,2022-04-17 16:00:00
20220419,1650297600000,4.11,4.3500000000000005,4.0200000000000005,4.28,983380,412058581.0,0.0,15,4.1000000000000005,0,2022-04-18 16:00:00
20220420,1650384000000,4.26,4.26,3.95,4.0200000000000005,927357,377608344.0,0.0,15,4.28,0,2022-04-19 16:00:00
20220421,1650470400000,4.0,4.03,3.7,3.75,766025,293035864.0,0.0,15,4.0200000000000005,0,2022-04-20 16:00:00
20220422,1650556800000,3.71,3.9000000000000004,3.64,3.8400000000000003,569046,217196618.0,0.0,15,3.75,0,2022-04-21 16:00:00
20220425,1650816000000,3.7800000000000002,3.9200000000000004,3.5500000000000003,3.5500000000000003,592388,220804686.0,0.0,15,3.8400000000000003,0,2022-04-24 16:00:00
20220426,1650902400000,3.6100000000000003,3.8100000000000005,3.5500000000000003,3.6300000000000003,709052,260547117.00000003,0.0,15,3.5500000000000003,0,2022-04-25 16:00:00
20220427,1650988800000,3.52,3.66,3.33,3.5300000000000002,805089,279439038.0,0.0,15,3.63,0,2022-04-26 16:00:00
20220428,1651075200000,3.4699999999999998,3.7199999999999998,3.42,3.6799999999999997,948266,341182741.0,0.0,15,3.53,0,2022-04-27 16:00:00
20220429,1651161600000,3.6500000000000004,3.9800000000000004,3.5700000000000003,3.89,1124082,425297531.0,0.0,15,3.68,0,2022-04-28 16:00:00
20220505,1651680000000,3.88,4.07,3.83,3.97,968901,383339616.0,0.0,15,3.89,0,2022-05-04 16:00:00
20220506,1651766400000,3.83,3.87,3.66,3.69,619909,233412338.0,0.0,15,3.97,0,2022-05-05 16:00:00
20220509,1652025600000,3.7,3.93,3.7,3.9200000000000004,703421,271242864.0,0.0,15,3.6900000000000004,0,2022-05-08 16:00:00
20220510,1652112000000,3.82,4.05,3.75,4.01,911272,359145809.99999994,0.0,15,3.92,0,2022-05-09 16:00:00
20220511,1652198400000,4.0600000000000005,4.140000000000001,3.89,3.93,921562,368519452.0,0.0,15,4.01,0,2022-05-10 16:00:00
20220512,1652284800000,3.91,3.97,3.75,3.84,656204,253493808.0,0.0,15,3.93,0,2022-05-11 16:00:00
20220513,1652371200000,3.82,4.08,3.71,4.05,1047412,411954306.0,0.0,15,3.84,0,2022-05-12 16:00:00
20220516,1652630400000,4.1499999999999995,4.45,4.05,4.3,1416423,596321283.0,0.0,15,4.05,0,2022-05-15 16:00:00
20220517,1652716800000,4.23,4.28,3.96,4.06,934111,379316122.00000006,0.0,15,4.3,0,2022-05-16 16:00:00
20220518,1652803200000,4.0,4.08,3.97,3.99,619515,248753479.00000003,0.0,15,4.0600000000000005,0,2022-05-17 16:00:00
20220519,1652889600000,3.9,4.2,3.88,4.15,930892,382320945.0,0.0,15,3.9899999999999998,0,2022-05-18 16:00:00
20220520,1652976000000,4.1000000000000005,4.16,4.03,4.0600000000000005,683261,278687865.0,0.0,15,4.15,0,2022-05-19 16:00:00
20220523,1653235200000,4.03,4.08,3.98,4.01,469306,188557322.0,0.0,15,4.06,0,2022-05-22 16:00:00
20220524,1653321600000,4.03,4.04,3.8200000000000003,3.8200000000000003,599096,234011509.0,0.0,15,4.010000000000001,0,2022-05-23 16:00:00
20220525,1653408000000,3.77,3.8600000000000003,3.7600000000000002,3.8600000000000003,337927,129238127.0,0.0,15,3.8200000000000003,0,2022-05-24 16:00:00
20220526,1653494400000,3.8400000000000003,3.9200000000000004,3.8200000000000003,3.85,339238,131382833.00000001,0.0,15,3.8600000000000003,0,2022-05-25 16:00:00
20220527,1653580800000,3.86,3.92,3.81,3.85,412794,159587168.0,0.0,15,3.85,0,2022-05-26 16:00:00
20220530,1653840000000,3.85,3.87,3.71,3.73,392370,147693104.00000003,0.0,15,3.85,0,2022-05-29 16:00:00
20220531,1653926400000,3.73,3.75,3.66,3.74,233933,86831906.0,0.0,15,3.73,0,2022-05-30 16:00:00
20220601,1654012800000,3.7399999999999998,3.76,3.65,3.6999999999999997,248409,92230867.0,0.0,15,3.7399999999999998,0,2022-05-31 16:00:00
20220602,1654099200000,3.67,3.68,3.58,3.59,289920,104883385.0,0.0,15,3.7,0,2022-06-01 16:00:00
20220606,1654444800000,3.5900000000000003,3.6100000000000003,3.5100000000000002,3.6,286314,102072379.0,0.0,15,3.5900000000000003,0,2022-06-05 16:00:00
20220607,1654531200000,3.5999999999999996,3.82,3.59,3.8,527361,195033177.0,0.0,15,3.5999999999999996,0,2022-06-06 16:00:00
20220608,1654617600000,3.77,3.77,3.63,3.69,374815,138599326.00000003,0.0,15,3.8,0,2022-06-07 16:00:00
20220609,1654704000000,3.67,3.77,3.66,3.69,243992,90741181.0,0.0,15,3.69,0,2022-06-08 16:00:00
20220610,1654790400000,3.65,3.68,3.62,3.68,216961,79285028.0,0.0,15,3.69,0,2022-06-09 16:00:00
20220613,1655049600000,3.64,3.65,3.5,3.54,313393,111560103.00000001,0.0,15,3.68,0,2022-06-12 16:00:00
20220614,1655136000000,3.5,3.5900000000000003,3.47,3.58,237110,83997971.0,0.0,15,3.54,0,2022-06-13 16:00:00
20220615,1655222400000,3.58,3.7600000000000002,3.5300000000000002,3.68,496430,182283622.00000003,0.0,15,3.58,0,2022-06-14 16:00:00
20220616,1655308800000,3.69,3.71,3.62,3.64,247087,90289410.99999999,0.0,15,3.68,0,2022-06-15 16:00:00
20220617,1655395200000,3.6100000000000003,3.6500000000000004,3.5100000000000002,3.5700000000000003,218242,77919613.0,0.0,15,3.64,0,2022-06-16 16:00:00
20220620,1655654400000,3.56,3.6300000000000003,3.5500000000000003,3.6100000000000003,165635,59730343.0,0.0,15,3.5700000000000003,0,2022-06-19 16:00:00
20220621,1655740800000,3.6,3.79,3.6,3.68,401751,148890594.0,0.0,15,3.61,0,2022-06-20 16:00:00
20220622,1655827200000,3.65,3.68,3.56,3.57,227214,81941827.0,0.0,15,3.68,0,2022-06-21 16:00:00
20220623,1655913600000,3.56,3.62,3.5300000000000002,3.6100000000000003,193395,69254861.0,0.0,15,3.5700000000000003,0,2022-06-22 16:00:00
20220624,1656000000000,3.6100000000000003,3.62,3.5500000000000003,3.5700000000000003,194531,69503011.0,0.0,15,3.6100000000000003,0,2022-06-23 16:00:00
20220627,1656259200000,3.57,3.6,3.54,3.55,198681,70697092.0,0.0,15,3.57,0,2022-06-26 16:00:00
20220628,1656345600000,3.5500000000000003,3.5700000000000003,3.5300000000000002,3.54,178142,63084814.0,0.0,15,3.5500000000000003,0,2022-06-27 16:00:00
20220629,1656432000000,3.54,3.6300000000000003,3.5300000000000002,3.58,354404,127438962.0,0.0,15,3.54,0,2022-06-28 16:00:00
20220630,1656518400000,3.59,3.62,3.54,3.58,239094,85566256.0,0.0,15,3.58,0,2022-06-29 16:00:00
20220701,1656604800000,3.57,3.66,3.54,3.57,244358,87925102.0,0.0,15,3.58,0,2022-06-30 16:00:00
20220704,1656864000000,3.56,3.58,3.5100000000000002,3.52,222595,78615809.00000001,0.0,15,3.5700000000000003,0,2022-07-03 16:00:00
20220705,1656950400000,3.5300000000000002,3.54,3.43,3.45,194045,67540275.0,0.0,15,3.52,0,2022-07-04 16:00:00
20220706,1657036800000,3.45,3.46,3.35,3.37,164949,55876416.0,0.0,15,3.45,0,2022-07-05 16:00:00
20220707,1657123200000,3.38,3.42,3.36,3.3699999999999997,144571,49043123.0,0.0,15,3.3699999999999997,0,2022-07-06 16:00:00
20220708,1657209600000,3.38,3.42,3.35,3.39,88757,30075463.000000004,0.0,15,3.37,0,2022-07-07 16:00:00
20220711,1657468800000,3.3899999999999997,3.4,3.34,3.36,85391,28710835.0,0.0,15,3.3899999999999997,0,2022-07-10 16:00:00
20220712,1657555200000,3.35,3.46,3.35,3.45,171091,58336418.0,0.0,15,3.36,0,2022-07-11 16:00:00
20220713,1657641600000,3.47,3.5500000000000003,3.47,3.49,293743,103238391.0,0.0,15,3.45,0,2022-07-12 16:00:00
20220714,1657728000000,3.47,3.49,3.39,3.4,209816,71925954.0,0.0,15,3.49,0,2022-07-13 16:00:00
20220715,1657814400000,3.4000000000000004,3.41,3.22,3.22,223077,73295670.0,0.0,15,3.4000000000000004,0,2022-07-14 16:00:00
20220718,1658073600000,3.21,3.4,3.21,3.37,204280,68232347.0,0.0,15,3.2199999999999998,0,2022-07-17 16:00:00
20220719,1658160000000,3.3899999999999997,3.42,3.36,3.4,126117,42732189.0,0.0,15,3.3699999999999997,0,2022-07-18 16:00:00
20220720,1658246400000,3.42,3.43,3.39,3.4,99497,33903162.0,0.0,15,3.4,0,2022-07-19 16:00:00
20220721,1658332800000,3.4,3.4099999999999997,3.34,3.3699999999999997,113662,38408984.00000001,0.0,15,3.4,0,2022-07-20 16:00:00
20220722,1658419200000,3.3899999999999997,3.42,3.34,3.38,109534,37073713.0,0.0,15,3.3699999999999997,0,2022-07-21 16:00:00
20220725,1658678400000,3.3899999999999997,3.4699999999999998,3.38,3.42,149809,51428022.0,0.0,15,3.38,0,2022-07-24 16:00:00
20220726,1658764800000,3.3000000000000003,3.41,3.2600000000000002,3.4000000000000004,280131,94241976.0,0.0,15,3.3000000000000003,0,2022-07-25 16:00:00
20220727,1658851200000,3.3899999999999997,3.4499999999999997,3.36,3.4,199606,67854947.0,0.0,15,3.4,0,2022-07-26 16:00:00
20220728,1658937600000,3.4,3.46,3.37,3.44,198106,67742004.0,0.0,15,3.4,0,2022-07-27 16:00:00
20220729,1659024000000,3.44,3.4499999999999997,3.38,3.38,154928,52718929.99999999,0.0,15,3.44,0,2022-07-28 16:00:00
20220801,1659283200000,3.38,3.42,3.34,3.3699999999999997,119468,40199544.0,0.0,15,3.38,0,2022-07-31 16:00:00
20220802,1659369600000,3.34,3.35,3.13,3.19,197983,63382797.00000001,0.0,15,3.37,0,2022-08-01 16:00:00
20220803,1659456000000,3.19,3.25,3.09,3.0999999999999996,161724,51011047.0,0.0,15,3.19,0,2022-08-02 16:00:00
20220804,1659542400000,3.12,3.13,3.04,3.11,133994,41402521.0,0.0,15,3.1,0,2022-08-03 16:00:00
20220805,1659628800000,3.11,3.1399999999999997,3.09,3.13,125353,39089289.0,0.0,15,3.11,0,2022-08-04 16:00:00
20220808,1659888000000,3.12,3.21,3.12,3.14,123251,38893110.0,0.0,15,3.13,0,2022-08-07 16:00:00
20220809,1659974400000,3.13,3.15,3.09,3.1199999999999997,103671,32245345.0,0.0,15,3.1399999999999997,0,2022-08-08 16:00:00
20220810,1660060800000,3.12,3.12,3.0700000000000003,3.0900000000000003,89317,27633300.0,0.0,15,3.12,0,2022-08-09 16:00:00
20220811,1660147200000,3.1,3.16,3.1,3.14,129307,40563013.0,0.0,15,3.0900000000000003,0,2022-08-10 16:00:00
20220812,1660233600000,3.15,3.21,3.13,3.19,148634,47361265.0,0.0,15,3.1399999999999997,0,2022-08-11 16:00:00
20220815,1660492800000,3.2199999999999998,3.25,3.15,3.17,120120,38152624.0,0.0,15,3.19,0,2022-08-14 16:00:00
20220816,1660579200000,3.17,3.26,3.15,3.2399999999999998,203094,65549004.0,0.0,15,3.17,0,2022-08-15 16:00:00
20220817,1660665600000,3.25,3.29,3.22,3.29,145296,47421165.00000001,0.0,15,3.24,0,2022-08-16 16:00:00
20220818,1660752000000,3.2800000000000002,3.2800000000000002,3.2,3.22,125410,40501984.0,0.0,15,3.29,0,2022-08-17 16:00:00
20220819,1660838400000,3.23,3.3000000000000003,3.22,3.27,129796,42392569.0,0.0,15,3.22,0,2022-08-18 16:00:00
20220822,1661097600000,3.25,3.3,3.23,3.29,130283,42549768.0,0.0,15,3.27,0,2022-08-21 16:00:00
20220823,1661184000000,3.27,3.3000000000000003,3.24,3.25,107749,35074892.0,0.0,15,3.29,0,2022-08-22 16:00:00
20220824,1661270400000,3.25,3.29,3.2,3.21,122945,39803603.0,0.0,15,3.25,0,2022-08-23 16:00:00
20220825,1661356800000,3.22,3.27,3.16,3.2600000000000002,133099,42972901.0,0.0,15,3.21,0,2022-08-24 16:00:00
20220826,1661443200000,3.27,3.27,3.21,3.21,88698,28708325.0,0.0,15,3.26,0,2022-08-25 16:00:00
20220829,1661702400000,3.19,3.2399999999999998,3.15,3.2399999999999998,92840,29686103.0,0.0,15,3.21,0,2022-08-28 16:00:00
20220830,1661788800000,3.25,3.29,3.23,3.26,99843,32588906.000000004,0.0,15,3.2399999999999998,0,2022-08-29 16:00:00
20220831,1661875200000,3.3000000000000003,3.4000000000000004,3.2600000000000002,3.2600000000000002,329685,109335076.0,0.0,15,3.2600000000000002,0,2022-08-30 16:00:00
20220901,1661961600000,3.27,3.4800000000000004,3.2600000000000002,3.4000000000000004,548036,186496857.99999997,0.0,15,3.2600000000000002,0,2022-08-31 16:00:00
20220902,1662048000000,3.42,3.4499999999999997,3.34,3.4299999999999997,305158,103835378.0,0.0,15,3.4,0,2022-09-01 16:00:00
20220905,1662307200000,3.4299999999999997,3.6,3.42,3.58,426855,151492660.0,0.0,15,3.4299999999999997,0,2022-09-04 16:00:00
20220906,1662393600000,3.6,3.85,3.5500000000000003,3.79,674143,250975603.0,0.0,15,3.58,0,2022-09-05 16:00:00
20220907,1662480000000,3.85,4.17,3.75,4.17,794862,319281042.99999994,0.0,15,3.79,0,2022-09-06 16:00:00
20220908,1662566400000,4.41,4.48,3.98,4.11,1080390,447270489.99999994,0.0,15,4.17,0,2022-09-07 16:00:00
20220909,1662652800000,4.08,4.32,4.05,4.22,888018,371316616.00000006,0.0,15,4.109999999999999,0,2022-09-08 16:00:00
20220913,1662998400000,4.09,4.1899999999999995,4.05,4.09,600553,246143922.99999997,0.0,15,4.22,0,2022-09-12 16:00:00
20220914,1663084800000,4.04,4.11,3.93,3.97,432425,173298108.0,0.0,15,4.09,0,2022-09-13 16:00:00
20220915,1663171200000,4.0,4.37,3.99,4.37,1032916,442157600.0,0.0,15,3.97,0,2022-09-14 16:00:00
20220916,1663257600000,4.44,4.8100000000000005,4.37,4.37,1744343,800374756.0,0.0,15,4.37,0,2022-09-15 16:00:00
20220919,1663516800000,4.21,4.53,4.21,4.3,1124730,488938999.0,0.0,15,4.37,0,2022-09-18 16:00:00
20220920,1663603200000,4.359999999999999,4.569999999999999,4.18,4.25,936903,409574362.0,0.0,15,4.3,0,2022-09-19 16:00:00
20220921,1663689600000,4.2,4.68,4.16,4.68,833981,369701385.99999994,0.0,15,4.25,0,2022-09-20 16:00:00
20220922,1663776000000,4.62,4.81,4.47,4.63,1092995,506130632.00000006,0.0,15,4.68,0,2022-09-21 16:00:00
20220923,1663862400000,4.5600000000000005,5.08,4.5600000000000005,4.800000000000001,1152431,559816221.0,0.0,15,4.630000000000001,0,2022-09-22 16:00:00
20220926,1664121600000,4.8,4.82,4.55,4.63,878067,409212179.0,0.0,15,4.8,0,2022-09-25 16:00:00
20220927,1664208000000,4.53,4.58,4.2700000000000005,4.44,728359,320170279.0,0.0,15,4.630000000000001,0,2022-09-26 16:00:00
20220928,1664294400000,4.37,4.54,4.21,4.29,537789,231715505.0,0.0,15,4.44,0,2022-09-27 16:00:00
20220929,1664380800000,4.3,4.319999999999999,4.01,4.069999999999999,522964,214647674.00000003,0.0,15,4.29,0,2022-09-28 16:00:00
20220930,1664467200000,4.1499999999999995,4.4399999999999995,4.1,4.25,773036,330320161.0,0.0,15,4.069999999999999,0,2022-09-29 16:00:00
20221010,1665331200000,4.279999999999999,4.42,4.1,4.119999999999999,574935,245877021.00000003,0.0,15,4.25,0,2022-10-09 16:00:00
20221011,1665417600000,4.1899999999999995,4.2,4.01,4.1,362097,148185604.0,0.0,15,4.12,0,2022-10-10 16:00:00
20221012,1665504000000,4.08,4.1899999999999995,4.01,4.1499999999999995,354476,145487269.0,0.0,15,4.1,0,2022-10-11 16:00:00
20221013,1665590400000,4.1,4.14,3.83,4.08,654515,259081917.00000003,0.0,15,4.15,0,2022-10-12 16:00:00
20221014,1665676800000,4.01,4.38,3.99,4.12,508029,212899448.0,0.0,15,4.08,0,2022-10-13 16:00:00
20221017,1665936000000,4.12,4.25,3.83,4.22,647989,261369138.0,0.0,15,4.12,0,2022-10-16 16:00:00
20221018,1666022400000,4.16,4.23,4.0200000000000005,4.16,551030,225896561.0,0.0,15,4.220000000000001,0,2022-10-17 16:00:00
20221019,1666108800000,4.11,4.300000000000001,4.07,4.09,491733,205346763.99999997,0.0,15,4.16,0,2022-10-18 16:00:00
20221020,1666195200000,4.0200000000000005,4.12,3.93,4.04,412171,165345879.0,0.0,15,4.09,0,2022-10-19 16:00:00
20221021,1666281600000,4.01,4.22,4.01,4.08,403584,167122014.0,0.0,15,4.04,0,2022-10-20 16:00:00
20221024,1666540800000,4.05,4.06,3.84,3.86,352386,138704418.0,0.0,15,4.08,0,2022-10-23 16:00:00
20221025,1666627200000,3.8400000000000003,3.89,3.8000000000000003,3.81,254171,97611627.0,0.0,15,3.8600000000000003,0,2022-10-24 16:00:00
20221026,1666713600000,3.8200000000000003,3.87,3.7600000000000002,3.77,259741,98591749.0,0.0,15,3.81,0,2022-10-25 16:00:00
20221027,1666800000000,3.77,3.87,3.7600000000000002,3.7600000000000002,226604,86537472.0,0.0,15,3.77,0,2022-10-26 16:00:00
20221028,1666886400000,3.75,3.77,3.59,3.61,253006,92373451.0,0.0,15,3.76,0,2022-10-27 16:00:00
20221031,1667145600000,3.56,3.6100000000000003,3.45,3.46,240594,83843629.0,0.0,15,3.6100000000000003,0,2022-10-30 16:00:00
20221101,1667232000000,3.49,3.54,3.37,3.44,351380,120544713.00000001,0.0,15,3.46,0,2022-10-31 16:00:00
20221102,1667318400000,3.43,3.52,3.39,3.5,309077,107562382.0,0.0,15,3.44,0,2022-11-01 16:00:00
20221103,1667404800000,3.45,3.47,3.37,3.41,298776,102146972.00000001,0.0,15,3.5,0,2022-11-02 16:00:00
20221104,1667491200000,3.39,3.49,3.39,3.48,228984,78991729.0,0.0,15,3.41,0,2022-11-03 16:00:00
20221107,1667750400000,3.48,3.71,3.46,3.64,402929,144567572.0,0.0,15,3.48,0,2022-11-06 16:00:00
20221108,1667836800000,3.58,3.6700000000000004,3.5300000000000002,3.64,328131,118766225.0,0.0,15,3.64,0,2022-11-07 16:00:00
20221109,1667923200000,3.63,3.85,3.63,3.81,415608,156985277.0,0.0,15,3.6399999999999997,0,2022-11-08 16:00:00
20221110,1668009600000,3.75,3.85,3.66,3.81,305854,115263880.0,0.0,15,3.81,0,2022-11-09 16:00:00
20221111,1668096000000,3.87,4.19,3.81,4.19,577629,233889616.0,0.0,15,3.81,0,2022-11-10 16:00:00
20221114,1668355200000,4.37,4.550000000000001,4.15,4.4,1066012,459237157.0,0.0,15,4.19,0,2022-11-13 16:00:00
20221115,1668441600000,4.3,4.49,4.24,4.3,737650,318678743.0,0.0,15,4.4,0,2022-11-14 16:00:00
20221116,1668528000000,4.25,4.32,4.16,4.22,442027,186581116.00000003,0.0,15,4.3,0,2022-11-15 16:00:00
20221117,1668614400000,4.23,4.33,4.15,4.260000000000001,312078,132579286.00000001,0.0,15,4.220000000000001,0,2022-11-16 16:00:00
20221118,1668700800000,4.24,4.300000000000001,4.15,4.180000000000001,273317,115629769.0,0.0,15,4.260000000000001,0,2022-11-17 16:00:00
20221121,1668960000000,4.16,4.26,4.05,4.25,386329,160692357.0,0.0,15,4.18,0,2022-11-20 16:00:00
20221122,1669046400000,4.27,4.359999999999999,4.14,4.1899999999999995,278076,117176334.00000001,0.0,15,4.25,0,2022-11-21 16:00:00
20221123,1669132800000,4.12,4.22,4.05,4.18,236346,97572320.0,0.0,15,4.1899999999999995,0,2022-11-22 16:00:00
20221124,1669219200000,4.27,4.33,4.18,4.26,417532,177886391.0,0.0,15,4.18,0,2022-11-23 16:00:00
20221125,1669305600000,4.260000000000001,4.510000000000001,4.23,4.45,638609,281090649.0,0.0,15,4.260000000000001,0,2022-11-24 16:00:00
20221128,1669564800000,4.28,4.46,4.13,4.37,496296,214679737.0,0.0,15,4.45,0,2022-11-27 16:00:00
20221129,1669651200000,4.6,4.81,4.46,4.81,756069,350579905.0,0.0,15,4.37,0,2022-11-28 16:00:00
20221130,1669737600000,4.88,5.08,4.54,4.58,999269,480820471.0,0.0,15,4.8100000000000005,0,2022-11-29 16:00:00
20221201,1669824000000,4.61,4.680000000000001,4.4,4.45,707293,318284057.0,0.0,15,4.58,0,2022-11-30 16:00:00
20221202,1669910400000,4.44,4.45,4.24,4.32,395017,170017971.0,0.0,15,4.45,0,2022-12-01 16:00:00
20221205,1670169600000,4.34,4.4399999999999995,4.3,4.31,338152,146970888.0,0.0,15,4.319999999999999,0,2022-12-04 16:00:00
20221206,1670256000000,4.29,4.380000000000001,4.19,4.23,279961,119263535.0,0.0,15,4.3100000000000005,0,2022-12-05 16:00:00
20221207,1670342400000,4.2,4.24,4.15,4.23,182403,76509015.0,0.0,15,4.23,0,2022-12-06 16:00:00
20221208,1670428800000,4.23,4.29,4.16,4.2,253511,107057729.00000001,0.0,15,4.23,0,2022-12-07 16:00:00
20221209,1670515200000,4.21,4.36,4.19,4.29,369939,158276697.0,0.0,15,4.2,0,2022-12-08 16:00:00
20221212,1670774400000,4.23,4.23,4.03,4.0600000000000005,336364,138185672.0,0.0,15,4.29,0,2022-12-11 16:00:00
20221213,1670860800000,4.0600000000000005,4.140000000000001,4.03,4.0600000000000005,203368,83337889.0,0.0,15,4.0600000000000005,0,2022-12-12 16:00:00
20221214,1670947200000,4.08,4.09,4.03,4.04,149577,60705015.0,0.0,15,4.0600000000000005,0,2022-12-13 16:00:00
20221215,1671033600000,4.05,4.07,3.94,4.06,149785,60072634.00000001,0.0,15,4.04,0,2022-12-14 16:00:00
20221216,1671120000000,4.08,4.140000000000001,3.99,4.11,263808,107740039.0,0.0,15,4.0600000000000005,0,2022-12-15 16:00:00
20221219,1671379200000,4.12,4.19,3.95,3.99,291331,117893662.0,0.0,15,4.11,0,2022-12-18 16:00:00
20221220,1671465600000,3.9400000000000004,3.95,3.8000000000000003,3.8800000000000003,195940,76318056.0,0.0,15,3.99,0,2022-12-19 16:00:00
20221221,1671552000000,3.86,3.92,3.83,3.85,124252,48113464.0,0.0,15,3.88,0,2022-12-20 16:00:00
20221222,1671638400000,3.9000000000000004,3.95,3.7600000000000002,3.7800000000000002,168798,65073013.00000001,0.0,15,3.85,0,2022-12-21 16:00:00
20221223,1671724800000,3.81,3.91,3.77,3.87,169549,65338224.0,0.0,15,3.78,0,2022-12-22 16:00:00
20221226,1671984000000,3.82,3.84,3.77,3.82,150280,57071145.0,0.0,15,3.87,0,2022-12-25 16:00:00
20221227,1672070400000,3.82,3.88,3.81,3.85,139516,53719188.0,0.0,15,3.82,0,2022-12-26 16:00:00
20221228,1672156800000,3.86,3.9299999999999997,3.65,3.92,221550,85718245.0,0.0,15,3.85,0,2022-12-27 16:00:00
20221229,1672243200000,3.9,3.92,3.75,3.77,199882,75825021.0,0.0,15,3.92,0,2022-12-28 16:00:00
20221230,1672329600000,3.81,3.8400000000000003,3.74,3.83,128631,49005045.0,0.0,15,3.77,0,2022-12-29 16:00:00
