date,time,open,high,low,close,volume,amount,settelementPrice,openInterest,preClose,suspendFlag,datetime
20220104,1641225600000,6.82,6.94,6.71,6.72,300154,205135803.0,0.0,15,6.89,0,2022-01-03 16:00:00
20220105,1641312000000,6.73,6.75,6.45,6.54,264889,173846383.0,0.0,15,6.720000000000001,0,2022-01-04 16:00:00
20220106,1641398400000,6.58,6.66,6.5200000000000005,6.6000000000000005,174390,114985682.0,0.0,15,6.54,0,2022-01-05 16:00:00
20220107,1641484800000,6.58,6.8500000000000005,6.5200000000000005,6.710000000000001,272375,181778328.0,0.0,15,6.6000000000000005,0,2022-01-06 16:00:00
20220110,1641744000000,6.69,6.69,6.54,6.65,156096,103215668.0,0.0,15,6.71,0,2022-01-09 16:00:00
20220111,1641830400000,6.63,6.72,6.54,6.55,147850,97913516.0,0.0,15,6.65,0,2022-01-10 16:00:00
20220112,1641916800000,6.510000000000001,6.73,6.390000000000001,6.65,209084,136972797.0,0.0,15,6.550000000000001,0,2022-01-11 16:00:00
20220113,1642003200000,6.63,6.68,6.46,6.46,146101,95631544.0,0.0,15,6.65,0,2022-01-12 16:00:00
20220114,1642089600000,6.46,6.5600000000000005,6.28,6.37,212769,136602653.0,0.0,15,6.46,0,2022-01-13 16:00:00
20220117,1642348800000,6.359999999999999,6.42,6.3,6.39,129781,82510692.99999999,0.0,15,6.37,0,2022-01-16 16:00:00
20220118,1642435200000,6.41,6.4399999999999995,6.22,6.22,142281,89199763.0,0.0,15,6.39,0,2022-01-17 16:00:00
20220119,1642521600000,6.27,6.319999999999999,6.18,6.25,89154,55671730.0,0.0,15,6.22,0,2022-01-18 16:00:00
20220120,1642608000000,6.2,6.260000000000001,6.03,6.03,143939,88026037.0,0.0,15,6.25,0,2022-01-19 16:00:00
20220121,1642694400000,6.04,6.08,5.96,6.03,110550,66558669.0,0.0,15,6.03,0,2022-01-20 16:00:00
20220124,1642953600000,6.01,6.09,5.92,6.03,68744,41444892.00000001,0.0,15,6.03,0,2022-01-23 16:00:00
20220125,1643040000000,6.02,6.06,5.67,5.68,124755,72923735.0,0.0,15,6.03,0,2022-01-24 16:00:00
20220126,1643126400000,5.890000000000001,5.94,5.69,5.800000000000001,136774,79601720.0,0.0,15,5.680000000000001,0,2022-01-25 16:00:00
20220127,1643212800000,5.840000000000001,5.840000000000001,5.61,5.63,103738,59322281.00000001,0.0,15,5.800000000000001,0,2022-01-26 16:00:00
20220128,1643299200000,5.63,5.92,5.63,5.88,136187,78981800.0,0.0,15,5.63,0,2022-01-27 16:00:00
20220207,1644163200000,5.99,6.02,5.84,5.9799999999999995,130715,77983576.00000001,0.0,15,5.88,0,2022-02-06 16:00:00
20220208,1644249600000,5.97,6.13,5.95,6.13,115947,70375595.0,0.0,15,5.98,0,2022-02-07 16:00:00
20220209,1644336000000,6.14,6.17,6.08,6.14,97841,60050156.0,0.0,15,6.13,0,2022-02-08 16:00:00
20220210,1644422400000,6.16,6.21,6.12,6.18,90687,55858315.0,0.0,15,6.14,0,2022-02-09 16:00:00
20220211,1644508800000,6.16,6.16,6.03,6.05,92215,56074202.99999999,0.0,15,6.180000000000001,0,2022-02-10 16:00:00
20220214,1644768000000,6.06,6.2,6.01,6.18,121782,75056930.0,0.0,15,6.05,0,2022-02-13 16:00:00
20220215,1644854400000,6.17,6.1899999999999995,6.09,6.12,77652,47575131.99999999,0.0,15,6.18,0,2022-02-14 16:00:00
20220216,1644940800000,6.14,6.2299999999999995,6.13,6.22,97581,60387295.00000001,0.0,15,6.12,0,2022-02-15 16:00:00
20220217,1645027200000,6.28,6.32,6.19,6.2,115788,72336431.00000001,0.0,15,6.220000000000001,0,2022-02-16 16:00:00
20220218,1645113600000,6.17,6.29,6.13,6.27,84178,52507296.99999999,0.0,15,6.2,0,2022-02-17 16:00:00
20220221,1645372800000,6.2299999999999995,6.3,6.21,6.27,101155,63283159.00000001,0.0,15,6.27,0,2022-02-20 16:00:00
20220222,1645459200000,6.28,6.28,6.17,6.22,87833,54596628.00000001,0.0,15,6.27,0,2022-02-21 16:00:00
20220223,1645545600000,6.2,6.33,6.19,6.32,119614,75235947.0,0.0,15,6.220000000000001,0,2022-02-22 16:00:00
20220224,1645632000000,6.3500000000000005,6.46,6.11,6.21,179698,113290027.0,0.0,15,6.32,0,2022-02-23 16:00:00
20220225,1645718400000,6.26,6.28,6.13,6.1499999999999995,88840,55076360.0,0.0,15,6.21,0,2022-02-24 16:00:00
20220228,1645977600000,6.180000000000001,6.23,6.0200000000000005,6.23,78819,48490020.0,0.0,15,6.15,0,2022-02-27 16:00:00
20220301,1646064000000,6.23,6.54,6.19,6.390000000000001,167303,106114580.0,0.0,15,6.23,0,2022-02-28 16:00:00
20220302,1646150400000,6.3,6.96,6.26,6.67,414963,274831858.00000006,0.0,15,6.39,0,2022-03-01 16:00:00
20220303,1646236800000,6.74,6.87,6.65,6.67,334740,225237145.0,0.0,15,6.67,0,2022-03-02 16:00:00
20220304,1646323200000,6.65,6.7,6.46,6.52,223183,146462977.0,0.0,15,6.67,0,2022-03-03 16:00:00
20220307,1646582400000,6.63,6.7700000000000005,6.45,6.5,198960,131130679.00000001,0.0,15,6.5200000000000005,0,2022-03-06 16:00:00
20220308,1646668800000,6.5200000000000005,6.580000000000001,6.140000000000001,6.220000000000001,171311,108035733.0,0.0,15,6.500000000000001,0,2022-03-07 16:00:00
20220309,1646755200000,6.22,6.29,5.71,6.04,169765,102122614.0,0.0,15,6.22,0,2022-03-08 16:00:00
20220310,1646841600000,6.09,6.16,6.03,6.07,105525,64270706.0,0.0,15,6.04,0,2022-03-09 16:00:00
20220311,1646928000000,5.99,6.07,5.8100000000000005,6.050000000000001,104057,61705130.0,0.0,15,6.07,0,2022-03-10 16:00:00
20220314,1647187200000,5.98,6.0200000000000005,5.82,5.83,84633,50042694.0,0.0,15,6.050000000000001,0,2022-03-13 16:00:00
20220315,1647273600000,5.83,5.83,5.42,5.42,134550,75806613.0,0.0,15,5.83,0,2022-03-14 16:00:00
20220316,1647360000000,5.510000000000001,5.66,5.3100000000000005,5.630000000000001,124343,68567279.0,0.0,15,5.420000000000001,0,2022-03-15 16:00:00
20220317,1647446400000,5.63,5.78,5.63,5.68,94134,53809912.0,0.0,15,5.63,0,2022-03-16 16:00:00
20220318,1647532800000,5.61,5.830000000000001,5.6000000000000005,5.800000000000001,78019,45023116.0,0.0,15,5.680000000000001,0,2022-03-17 16:00:00
20220321,1647792000000,5.82,6.07,5.82,5.970000000000001,102395,61104687.0,0.0,15,5.800000000000001,0,2022-03-20 16:00:00
20220322,1647878400000,5.96,6.07,5.94,5.99,75684,45524994.0,0.0,15,5.970000000000001,0,2022-03-21 16:00:00
20220323,1647964800000,5.91,6.08,5.91,6.01,59489,35830073.99999999,0.0,15,5.99,0,2022-03-22 16:00:00
20220324,1648051200000,5.92,6.04,5.92,5.97,53956,32206150.000000004,0.0,15,6.01,0,2022-03-23 16:00:00
20220325,1648137600000,5.93,6.14,5.93,6.109999999999999,102796,62404308.0,0.0,15,5.97,0,2022-03-24 16:00:00
20220328,1648396800000,6.04,6.090000000000001,5.9,6.010000000000001,83998,50447861.0,0.0,15,6.11,0,2022-03-27 16:00:00
20220329,1648483200000,6.04,6.21,6.0,6.14,129330,79302066.99999999,0.0,15,6.01,0,2022-03-28 16:00:00
20220330,1648569600000,6.11,6.45,6.11,6.32,165617,104197899.00000001,0.0,15,6.140000000000001,0,2022-03-29 16:00:00
20220331,1648656000000,6.3,6.3500000000000005,6.24,6.2700000000000005,110996,69744250.00000001,0.0,15,6.32,0,2022-03-30 16:00:00
20220401,1648742400000,6.25,6.33,6.18,6.26,86220,53793192.0,0.0,15,6.27,0,2022-03-31 16:00:00
20220406,1649174400000,6.26,6.28,6.2,6.24,72589,45258670.0,0.0,15,6.26,0,2022-04-05 16:00:00
20220407,1649260800000,6.23,6.24,6.15,6.15,75872,46894218.0,0.0,15,6.24,0,2022-04-06 16:00:00
20220408,1649347200000,6.1899999999999995,6.359999999999999,6.05,6.35,146902,91865578.0,0.0,15,6.1499999999999995,0,2022-04-07 16:00:00
20220411,1649606400000,6.340000000000001,6.340000000000001,5.98,6.04,130673,80234615.0,0.0,15,6.3500000000000005,0,2022-04-10 16:00:00
20220412,1649692800000,6.050000000000001,6.050000000000001,5.8500000000000005,6.010000000000001,100545,59694685.0,0.0,15,6.040000000000001,0,2022-04-11 16:00:00
20220413,1649779200000,6.09,6.25,5.88,6.09,125273,75946457.0,0.0,15,6.01,0,2022-04-12 16:00:00
20220414,1649865600000,6.07,6.220000000000001,5.95,6.2,126773,77309221.0,0.0,15,6.09,0,2022-04-13 16:00:00
20220415,1649952000000,6.16,6.51,6.12,6.2700000000000005,215005,135424876.00000003,0.0,15,6.2,0,2022-04-14 16:00:00
20220418,1650211200000,5.96,6.140000000000001,5.91,6.0,163669,98829914.00000001,0.0,15,6.2700000000000005,0,2022-04-17 16:00:00
20220419,1650297600000,6.0,6.6000000000000005,5.95,6.6000000000000005,264933,171486505.0,0.0,15,6.0,0,2022-04-18 16:00:00
20220420,1650384000000,6.63,6.75,6.46,6.56,581126,382055982.0,0.0,15,6.6,0,2022-04-19 16:00:00
20220421,1650470400000,6.449999999999999,6.58,6.18,6.26,329593,209299195.0,0.0,15,6.56,0,2022-04-20 16:00:00
20220422,1650556800000,6.16,6.1899999999999995,5.63,5.6499999999999995,350076,202248604.00000003,0.0,15,6.26,0,2022-04-21 16:00:00
20220425,1650816000000,5.4799999999999995,5.4799999999999995,5.09,5.09,241842,126978030.00000001,0.0,15,5.65,0,2022-04-24 16:00:00
20220426,1650902400000,5.01,5.109999999999999,4.64,4.68,191570,92876878.0,0.0,15,5.09,0,2022-04-25 16:00:00
20220427,1650988800000,4.7,5.0200000000000005,4.62,4.97,169241,81497128.0,0.0,15,4.68,0,2022-04-26 16:00:00
20220428,1651075200000,4.9399999999999995,5.11,4.88,4.99,151202,75603036.0,0.0,15,4.97,0,2022-04-27 16:00:00
20220429,1651161600000,5.0200000000000005,5.180000000000001,4.99,5.12,114956,58605299.0,0.0,15,4.99,0,2022-04-28 16:00:00
20220505,1651680000000,5.12,5.33,5.08,5.29,114898,60046477.0,0.0,15,5.12,0,2022-05-04 16:00:00
20220506,1651766400000,5.1499999999999995,5.3,5.09,5.1499999999999995,96687,50191815.0,0.0,15,5.29,0,2022-05-05 16:00:00
20220509,1652025600000,5.13,5.220000000000001,5.11,5.17,64687,33492032.0,0.0,15,5.15,0,2022-05-08 16:00:00
20220510,1652112000000,5.16,5.21,5.01,5.2,93773,48179725.0,0.0,15,5.17,0,2022-05-09 16:00:00
20220511,1652198400000,5.19,5.32,5.16,5.18,103346,54329380.0,0.0,15,5.2,0,2022-05-10 16:00:00
20220512,1652284800000,5.17,5.25,5.11,5.2,75100,38974902.0,0.0,15,5.180000000000001,0,2022-05-11 16:00:00
20220513,1652371200000,5.1899999999999995,5.38,5.18,5.2299999999999995,93028,48950940.0,0.0,15,5.199999999999999,0,2022-05-12 16:00:00
20220516,1652630400000,5.3,5.36,5.24,5.3,90544,48012360.0,0.0,15,5.23,0,2022-05-15 16:00:00
20220517,1652716800000,5.3,5.33,5.21,5.31,81314,42961116.0,0.0,15,5.3,0,2022-05-16 16:00:00
20220518,1652803200000,5.300000000000001,5.420000000000001,5.2700000000000005,5.36,82688,44448022.0,0.0,15,5.3100000000000005,0,2022-05-17 16:00:00
20220519,1652889600000,5.239999999999999,5.37,5.22,5.359999999999999,75539,40205243.0,0.0,15,5.359999999999999,0,2022-05-18 16:00:00
20220520,1652976000000,5.38,5.49,5.36,5.470000000000001,90417,49220008.00000001,0.0,15,5.36,0,2022-05-19 16:00:00
20220523,1653235200000,5.46,5.6000000000000005,5.45,5.6000000000000005,80298,44597791.0,0.0,15,5.47,0,2022-05-22 16:00:00
20220524,1653321600000,5.6,5.65,5.29,5.31,113205,61561522.0,0.0,15,5.6,0,2022-05-23 16:00:00
20220525,1653408000000,5.36,5.42,5.28,5.4,76622,41117745.0,0.0,15,5.3100000000000005,0,2022-05-24 16:00:00
20220526,1653494400000,5.3999999999999995,5.45,5.26,5.43,75525,40515518.0,0.0,15,5.3999999999999995,0,2022-05-25 16:00:00
20220527,1653580800000,5.430000000000001,5.58,5.36,5.53,95453,52474702.0,0.0,15,5.430000000000001,0,2022-05-26 16:00:00
20220530,1653840000000,5.52,6.08,5.5,5.79,268916,155210790.0,0.0,15,5.53,0,2022-05-29 16:00:00
20220531,1653926400000,5.72,5.86,5.7,5.78,159431,92031110.0,0.0,15,5.79,0,2022-05-30 16:00:00
20220601,1654012800000,5.779999999999999,5.8999999999999995,5.76,5.85,125509,73236558.99999999,0.0,15,5.779999999999999,0,2022-05-31 16:00:00
20220602,1654099200000,5.8,5.84,5.75,5.78,84541,48954742.0,0.0,15,5.85,0,2022-06-01 16:00:00
20220606,1654444800000,5.79,5.84,5.75,5.8,85096,49258052.0,0.0,15,5.78,0,2022-06-05 16:00:00
20220607,1654531200000,5.8,5.81,5.68,5.72,95758,54865851.0,0.0,15,5.8,0,2022-06-06 16:00:00
20220608,1654617600000,5.73,5.800000000000001,5.57,5.75,89890,51170828.0,0.0,15,5.720000000000001,0,2022-06-07 16:00:00
20220609,1654704000000,5.7700000000000005,5.83,5.61,5.65,84062,47890373.0,0.0,15,5.75,0,2022-06-08 16:00:00
20220610,1654790400000,5.66,5.87,5.63,5.79,93941,54189500.0,0.0,15,5.6499999999999995,0,2022-06-09 16:00:00
20220613,1655049600000,5.79,5.91,5.73,5.87,101741,59673887.0,0.0,15,5.79,0,2022-06-12 16:00:00
20220614,1655136000000,5.800000000000001,6.0600000000000005,5.73,5.95,149239,87979868.0,0.0,15,5.87,0,2022-06-13 16:00:00
20220615,1655222400000,5.95,5.98,5.82,5.84,121156,71307130.0,0.0,15,5.95,0,2022-06-14 16:00:00
20220616,1655308800000,5.8,5.87,5.72,5.75,86898,50235933.00000001,0.0,15,5.84,0,2022-06-15 16:00:00
20220617,1655395200000,5.74,5.79,5.62,5.69,79134,44995400.0,0.0,15,5.75,0,2022-06-16 16:00:00
20220620,1655654400000,5.71,5.75,5.58,5.6,97519,54777933.0,0.0,15,5.69,0,2022-06-19 16:00:00
20220621,1655740800000,5.6,5.63,5.46,5.52,94004,51994252.0,0.0,15,5.6,0,2022-06-20 16:00:00
20220622,1655827200000,5.53,5.550000000000001,5.4,5.42,67411,36892478.0,0.0,15,5.5200000000000005,0,2022-06-21 16:00:00
20220623,1655913600000,5.43,5.5,5.38,5.5,62461,33993843.0,0.0,15,5.42,0,2022-06-22 16:00:00
20220624,1656000000000,5.5200000000000005,5.58,5.49,5.5600000000000005,73439,40713641.0,0.0,15,5.5,0,2022-06-23 16:00:00
20220627,1656259200000,5.6,5.62,5.5,5.54,84864,47161327.0,0.0,15,5.56,0,2022-06-26 16:00:00
20220628,1656345600000,5.57,5.58,5.5200000000000005,5.58,81225,45150052.0,0.0,15,5.54,0,2022-06-27 16:00:00
20220629,1656432000000,5.59,5.59,5.41,5.41,98958,54320128.0,0.0,15,5.58,0,2022-06-28 16:00:00
20220630,1656518400000,5.42,5.470000000000001,5.4,5.44,57706,31374048.000000004,0.0,15,5.41,0,2022-06-29 16:00:00
20220701,1656604800000,5.5,5.590000000000001,5.4,5.5200000000000005,84128,46386645.0,0.0,15,5.44,0,2022-06-30 16:00:00
20220704,1656864000000,5.489999999999999,5.569999999999999,5.47,5.55,73031,40429856.0,0.0,15,5.52,0,2022-07-03 16:00:00
20220705,1656950400000,5.550000000000001,5.840000000000001,5.5200000000000005,5.710000000000001,220867,125709308.0,0.0,15,5.550000000000001,0,2022-07-04 16:00:00
20220706,1657036800000,5.68,5.68,5.39,5.42,174407,95548771.0,0.0,15,5.71,0,2022-07-05 16:00:00
20220707,1657123200000,5.45,5.5600000000000005,5.41,5.48,97200,53278247.0,0.0,15,5.42,0,2022-07-06 16:00:00
20220708,1657209600000,5.48,5.57,5.4,5.42,71779,39130274.0,0.0,15,5.48,0,2022-07-07 16:00:00
20220711,1657468800000,5.420000000000001,5.420000000000001,5.23,5.300000000000001,83101,43996218.0,0.0,15,5.420000000000001,0,2022-07-10 16:00:00
20220712,1657555200000,5.3100000000000005,5.32,5.16,5.17,70260,36606680.0,0.0,15,5.3,0,2022-07-11 16:00:00
20220713,1657641600000,5.2,5.28,5.13,5.28,58240,30256128.0,0.0,15,5.17,0,2022-07-12 16:00:00
20220714,1657728000000,5.279999999999999,5.279999999999999,5.18,5.199999999999999,51583,26902940.000000004,0.0,15,5.279999999999999,0,2022-07-13 16:00:00
20220715,1657814400000,5.210000000000001,5.210000000000001,5.0600000000000005,5.07,69046,35366786.00000001,0.0,15,5.2,0,2022-07-14 16:00:00
20220718,1658073600000,5.08,5.22,5.08,5.21,56001,29047068.0,0.0,15,5.07,0,2022-07-17 16:00:00
20220719,1658160000000,5.24,5.3,5.21,5.27,50341,26459533.0,0.0,15,5.21,0,2022-07-18 16:00:00
20220720,1658246400000,5.23,5.29,5.23,5.28,63244,33300347.0,0.0,15,5.2700000000000005,0,2022-07-19 16:00:00
20220721,1658332800000,5.25,5.3100000000000005,5.24,5.28,58389,30823980.0,0.0,15,5.28,0,2022-07-20 16:00:00
20220722,1658419200000,5.2700000000000005,5.65,5.2700000000000005,5.430000000000001,179998,97519089.0,0.0,15,5.28,0,2022-07-21 16:00:00
20220725,1658678400000,5.48,5.65,5.37,5.38,162935,89466303.0,0.0,15,5.43,0,2022-07-24 16:00:00
20220726,1658764800000,5.3500000000000005,5.390000000000001,5.2700000000000005,5.380000000000001,74519,39697833.0,0.0,15,5.380000000000001,0,2022-07-25 16:00:00
20220727,1658851200000,5.390000000000001,5.45,5.32,5.42,64682,34986207.00000001,0.0,15,5.38,0,2022-07-26 16:00:00
20220728,1658937600000,5.46,5.48,5.4,5.42,61604,33443333.0,0.0,15,5.42,0,2022-07-27 16:00:00
20220729,1659024000000,5.390000000000001,5.470000000000001,5.3500000000000005,5.36,59426,32066777.0,0.0,15,5.420000000000001,0,2022-07-28 16:00:00
20220801,1659283200000,5.36,5.38,5.28,5.37,46365,24693789.0,0.0,15,5.36,0,2022-07-31 16:00:00
20220802,1659369600000,5.300000000000001,5.33,5.03,5.11,115750,59306861.0,0.0,15,5.37,0,2022-08-01 16:00:00
20220803,1659456000000,5.1000000000000005,5.210000000000001,5.0600000000000005,5.07,63542,32694574.999999996,0.0,15,5.11,0,2022-08-02 16:00:00
20220804,1659542400000,5.1000000000000005,5.170000000000001,5.0200000000000005,5.12,43581,22152329.0,0.0,15,5.07,0,2022-08-03 16:00:00
20220805,1659628800000,5.12,5.21,5.11,5.19,40737,20994858.0,0.0,15,5.12,0,2022-08-04 16:00:00
20220808,1659888000000,5.2,5.2700000000000005,5.12,5.2700000000000005,46649,24292799.000000004,0.0,15,5.19,0,2022-08-07 16:00:00
20220809,1659974400000,5.24,5.31,5.21,5.26,48752,25677066.0,0.0,15,5.27,0,2022-08-08 16:00:00
20220810,1660060800000,5.26,5.31,5.22,5.3,58819,31089909.000000004,0.0,15,5.26,0,2022-08-09 16:00:00
20220811,1660147200000,5.31,5.359999999999999,5.3,5.35,57201,30541670.0,0.0,15,5.3,0,2022-08-10 16:00:00
20220812,1660233600000,5.33,5.42,5.33,5.37,62431,33616385.00000001,0.0,15,5.35,0,2022-08-11 16:00:00
20220815,1660492800000,5.37,5.41,5.32,5.37,42937,22996423.000000004,0.0,15,5.37,0,2022-08-14 16:00:00
20220816,1660579200000,5.42,5.43,5.34,5.3999999999999995,52906,28470576.000000004,0.0,15,5.37,0,2022-08-15 16:00:00
20220817,1660665600000,5.4,5.42,5.33,5.39,57256,30762783.000000004,0.0,15,5.4,0,2022-08-16 16:00:00
20220818,1660752000000,5.36,5.39,5.29,5.32,49170,26146814.0,0.0,15,5.39,0,2022-08-17 16:00:00
20220819,1660838400000,5.34,5.38,5.29,5.29,46801,24943036.0,0.0,15,5.32,0,2022-08-18 16:00:00
20220822,1661097600000,5.29,5.4,5.24,5.4,61103,32699101.0,0.0,15,5.29,0,2022-08-21 16:00:00
20220823,1661184000000,5.38,5.46,5.37,5.45,76814,41542749.0,0.0,15,5.4,0,2022-08-22 16:00:00
20220824,1661270400000,5.470000000000001,5.48,5.32,5.33,70875,38060581.0,0.0,15,5.45,0,2022-08-23 16:00:00
20220825,1661356800000,5.340000000000001,5.430000000000001,5.23,5.380000000000001,75872,40528567.0,0.0,15,5.33,0,2022-08-24 16:00:00
20220826,1661443200000,5.38,5.42,5.32,5.33,54347,29223226.0,0.0,15,5.38,0,2022-08-25 16:00:00
20220829,1661702400000,5.33,5.42,5.24,5.41,66329,35640614.0,0.0,15,5.33,0,2022-08-28 16:00:00
20220830,1661788800000,5.45,5.46,5.32,5.38,61107,32926024.000000004,0.0,15,5.41,0,2022-08-29 16:00:00
20220831,1661875200000,5.37,5.37,5.16,5.16,95363,49770410.0,0.0,15,5.38,0,2022-08-30 16:00:00
20220901,1661961600000,5.15,5.220000000000001,5.1000000000000005,5.11,57849,29787020.0,0.0,15,5.16,0,2022-08-31 16:00:00
20220902,1662048000000,5.109999999999999,5.17,5.09,5.1499999999999995,45356,23301625.0,0.0,15,5.109999999999999,0,2022-09-01 16:00:00
20220905,1662307200000,5.199999999999999,5.67,5.18,5.54,407005,224553191.00000003,0.0,15,5.1499999999999995,0,2022-09-04 16:00:00
20220906,1662393600000,5.5600000000000005,5.800000000000001,5.48,5.74,481416,273150887.0,0.0,15,5.54,0,2022-09-05 16:00:00
20220907,1662480000000,5.74,5.79,5.61,5.61,273721,154923107.0,0.0,15,5.74,0,2022-09-06 16:00:00
20220908,1662566400000,5.61,5.670000000000001,5.5200000000000005,5.53,148428,82560552.0,0.0,15,5.61,0,2022-09-07 16:00:00
20220909,1662652800000,5.52,5.6,5.47,5.52,106237,58742342.00000001,0.0,15,5.529999999999999,0,2022-09-08 16:00:00
20220913,1662998400000,5.52,5.59,5.42,5.4399999999999995,103682,56855556.99999999,0.0,15,5.52,0,2022-09-12 16:00:00
20220914,1663084800000,5.33,5.38,5.26,5.3,92856,49341195.00000001,0.0,15,5.4399999999999995,0,2022-09-13 16:00:00
20220915,1663171200000,5.33,5.3500000000000005,5.11,5.140000000000001,126079,65433049.0,0.0,15,5.300000000000001,0,2022-09-14 16:00:00
20220916,1663257600000,5.1000000000000005,5.130000000000001,4.8500000000000005,4.8500000000000005,175703,87340876.0,0.0,15,5.140000000000001,0,2022-09-15 16:00:00
20220919,1663516800000,4.8500000000000005,4.920000000000001,4.7700000000000005,4.87,91501,44395767.0,0.0,15,4.8500000000000005,0,2022-09-18 16:00:00
20220920,1663603200000,4.89,5.01,4.89,4.96,79588,39416302.0,0.0,15,4.87,0,2022-09-19 16:00:00
20220921,1663689600000,4.920000000000001,5.010000000000001,4.8500000000000005,4.99,56416,27863644.0,0.0,15,4.960000000000001,0,2022-09-20 16:00:00
20220922,1663776000000,4.949999999999999,5.04,4.93,5.01,56980,28561265.000000004,0.0,15,4.989999999999999,0,2022-09-21 16:00:00
20220923,1663862400000,5.02,5.03,4.92,4.9399999999999995,52429,26056531.999999996,0.0,15,5.01,0,2022-09-22 16:00:00
20220926,1664121600000,4.9,4.930000000000001,4.7,4.71,82543,39431692.0,0.0,15,4.94,0,2022-09-25 16:00:00
20220927,1664208000000,4.73,4.83,4.66,4.82,51354,24353200.0,0.0,15,4.71,0,2022-09-26 16:00:00
20220928,1664294400000,4.82,5.05,4.79,4.83,99040,48754502.0,0.0,15,4.82,0,2022-09-27 16:00:00
20220929,1664380800000,4.94,4.98,4.82,4.95,79612,39017042.0,0.0,15,4.83,0,2022-09-28 16:00:00
20220930,1664467200000,4.890000000000001,4.98,4.8500000000000005,4.95,56603,27830648.0,0.0,15,4.95,0,2022-09-29 16:00:00
20221010,1665331200000,4.9399999999999995,5.04,4.88,4.89,50411,24962986.0,0.0,15,4.95,0,2022-10-09 16:00:00
20221011,1665417600000,4.890000000000001,5.03,4.8100000000000005,5.03,69058,34181752.00000001,0.0,15,4.890000000000001,0,2022-10-10 16:00:00
20221012,1665504000000,5.03,5.4,4.8500000000000005,5.210000000000001,144342,74142541.0,0.0,15,5.03,0,2022-10-11 16:00:00
20221013,1665590400000,5.2,5.2,5.11,5.180000000000001,75959,39113965.0,0.0,15,5.21,0,2022-10-12 16:00:00
20221014,1665676800000,5.25,5.28,5.2,5.22,91107,47750536.0,0.0,15,5.180000000000001,0,2022-10-13 16:00:00
20221017,1665936000000,5.24,5.44,5.23,5.300000000000001,179978,95398307.99999999,0.0,15,5.220000000000001,0,2022-10-16 16:00:00
20221018,1666022400000,5.28,5.32,5.16,5.16,138665,72405645.0,0.0,15,5.3,0,2022-10-17 16:00:00
20221019,1666108800000,5.19,5.2,5.1000000000000005,5.130000000000001,60796,31182244.000000004,0.0,15,5.16,0,2022-10-18 16:00:00
20221020,1666195200000,5.07,5.15,5.04,5.08,53350,27188515.0,0.0,15,5.13,0,2022-10-19 16:00:00
20221021,1666281600000,5.08,5.13,5.04,5.08,47712,24268954.0,0.0,15,5.08,0,2022-10-20 16:00:00
20221024,1666540800000,5.13,5.15,5.03,5.04,53686,27272888.0,0.0,15,5.08,0,2022-10-23 16:00:00
20221025,1666627200000,5.05,5.05,4.91,5.05,45163,22516323.0,0.0,15,5.04,0,2022-10-24 16:00:00
20221026,1666713600000,5.08,5.12,5.04,5.06,52720,26787499.000000004,0.0,15,5.05,0,2022-10-25 16:00:00
20221027,1666800000000,5.07,5.09,5.03,5.03,37452,18913911.0,0.0,15,5.0600000000000005,0,2022-10-26 16:00:00
20221028,1666886400000,5.000000000000001,5.03,4.8100000000000005,4.840000000000001,55266,27031790.999999996,0.0,15,5.03,0,2022-10-27 16:00:00
20221031,1667145600000,4.840000000000001,4.920000000000001,4.8100000000000005,4.880000000000001,31953,15584583.000000002,0.0,15,4.840000000000001,0,2022-10-30 16:00:00
20221101,1667232000000,4.9,4.95,4.87,4.94,37845,18596330.999999996,0.0,15,4.88,0,2022-10-31 16:00:00
20221102,1667318400000,4.94,4.97,4.91,4.96,39969,19780485.0,0.0,15,4.94,0,2022-11-01 16:00:00
20221103,1667404800000,4.92,4.96,4.91,4.95,32836,16224522.0,0.0,15,4.96,0,2022-11-02 16:00:00
20221104,1667491200000,4.93,5.02,4.93,5.02,42627,21284619.0,0.0,15,4.949999999999999,0,2022-11-03 16:00:00
20221107,1667750400000,5.08,5.15,5.04,5.12,77201,39343147.0,0.0,15,5.0200000000000005,0,2022-11-06 16:00:00
20221108,1667836800000,5.12,5.140000000000001,5.07,5.1000000000000005,41266,21067167.0,0.0,15,5.12,0,2022-11-07 16:00:00
20221109,1667923200000,5.1000000000000005,5.11,5.07,5.08,26989,13727597.999999998,0.0,15,5.1000000000000005,0,2022-11-08 16:00:00
20221110,1668009600000,5.05,5.06,5.0,5.03,36273,18254249.0,0.0,15,5.08,0,2022-11-09 16:00:00
20221111,1668096000000,5.16,5.16,5.0600000000000005,5.08,55699,28331766.0,0.0,15,5.03,0,2022-11-10 16:00:00
20221114,1668355200000,5.1,5.12,5.05,5.06,46034,23403034.0,0.0,15,5.08,0,2022-11-13 16:00:00
20221115,1668441600000,5.0600000000000005,5.11,5.03,5.11,46435,23607544.0,0.0,15,5.0600000000000005,0,2022-11-14 16:00:00
20221116,1668528000000,5.12,5.12,5.09,5.12,48780,24924623.0,0.0,15,5.109999999999999,0,2022-11-15 16:00:00
20221117,1668614400000,5.12,5.12,5.05,5.1,42024,21359288.000000004,0.0,15,5.12,0,2022-11-16 16:00:00
20221118,1668700800000,5.1,5.13,5.04,5.04,44838,22755097.0,0.0,15,5.1,0,2022-11-17 16:00:00
20221121,1668960000000,5.03,5.06,4.96,5.06,34131,17148651.0,0.0,15,5.04,0,2022-11-20 16:00:00
20221122,1669046400000,5.06,5.11,5.04,5.06,39254,19895730.000000004,0.0,15,5.06,0,2022-11-21 16:00:00
20221123,1669132800000,5.0600000000000005,5.08,5.03,5.07,37744,19070906.0,0.0,15,5.0600000000000005,0,2022-11-22 16:00:00
20221124,1669219200000,5.08,5.15,5.0600000000000005,5.140000000000001,74811,38213763.0,0.0,15,5.07,0,2022-11-23 16:00:00
20221125,1669305600000,5.14,5.14,5.08,5.09,39430,20118209.000000004,0.0,15,5.14,0,2022-11-24 16:00:00
20221128,1669564800000,5.07,5.1,5.0,5.1,37778,19087122.000000004,0.0,15,5.09,0,2022-11-27 16:00:00
20221129,1669651200000,5.07,5.28,5.07,5.17,104547,54125836.0,0.0,15,5.1000000000000005,0,2022-11-28 16:00:00
20221130,1669737600000,5.180000000000001,5.25,5.15,5.180000000000001,96179,49919137.0,0.0,15,5.17,0,2022-11-29 16:00:00
20221201,1669824000000,5.21,5.22,5.17,5.21,65105,33821103.0,0.0,15,5.18,0,2022-11-30 16:00:00
20221202,1669910400000,5.2,5.22,5.16,5.19,39739,20612312.0,0.0,15,5.21,0,2022-12-01 16:00:00
20221205,1670169600000,5.19,5.260000000000001,5.19,5.260000000000001,66625,34837454.0,0.0,15,5.19,0,2022-12-04 16:00:00
20221206,1670256000000,5.27,5.27,5.21,5.25,46938,24577319.0,0.0,15,5.26,0,2022-12-05 16:00:00
20221207,1670342400000,5.24,5.25,5.19,5.21,40461,21118378.0,0.0,15,5.25,0,2022-12-06 16:00:00
20221208,1670428800000,5.199999999999999,5.279999999999999,5.18,5.279999999999999,61466,32216113.0,0.0,15,5.21,0,2022-12-07 16:00:00
20221209,1670515200000,5.28,5.28,5.19,5.220000000000001,40299,21041279.0,0.0,15,5.28,0,2022-12-08 16:00:00
20221212,1670774400000,5.22,5.2299999999999995,5.09,5.109999999999999,50352,25960889.000000004,0.0,15,5.22,0,2022-12-11 16:00:00
20221213,1670860800000,5.12,5.1499999999999995,5.09,5.14,38007,19516091.0,0.0,15,5.109999999999999,0,2022-12-12 16:00:00
20221214,1670947200000,5.14,5.15,5.04,5.07,39537,20113991.0,0.0,15,5.14,0,2022-12-13 16:00:00
20221215,1671033600000,5.069999999999999,5.1,5.05,5.069999999999999,26822,13580156.000000002,0.0,15,5.069999999999999,0,2022-12-14 16:00:00
20221216,1671120000000,5.05,5.1,5.0,5.01,37022,18618388.0,0.0,15,5.07,0,2022-12-15 16:00:00
20221219,1671379200000,5.0200000000000005,5.050000000000001,4.9,4.92,51283,25332268.0,0.0,15,5.010000000000001,0,2022-12-18 16:00:00
20221220,1671465600000,4.92,4.970000000000001,4.86,4.95,26658,13111408.999999998,0.0,15,4.92,0,2022-12-19 16:00:00
20221221,1671552000000,4.970000000000001,4.98,4.9,4.96,31408,15491901.0,0.0,15,4.95,0,2022-12-20 16:00:00
20221222,1671638400000,4.97,4.9799999999999995,4.84,4.85,39957,19556837.0,0.0,15,4.96,0,2022-12-21 16:00:00
20221223,1671724800000,4.85,4.859999999999999,4.76,4.81,34364,16502267.0,0.0,15,4.85,0,2022-12-22 16:00:00
20221226,1671984000000,4.82,4.88,4.82,4.87,27035,13122985.000000002,0.0,15,4.8100000000000005,0,2022-12-25 16:00:00
20221227,1672070400000,4.88,4.97,4.88,4.9399999999999995,31837,15707463.0,0.0,15,4.87,0,2022-12-26 16:00:00
20221228,1672156800000,4.930000000000001,4.930000000000001,4.86,4.88,22129,10819226.0,0.0,15,4.94,0,2022-12-27 16:00:00
20221229,1672243200000,4.88,4.88,4.82,4.8500000000000005,20613,9990708.0,0.0,15,4.88,0,2022-12-28 16:00:00
20221230,1672329600000,4.84,4.88,4.83,4.88,20706,10058456.0,0.0,15,4.85,0,2022-12-29 16:00:00
