date,time,open,high,low,close,volume,amount,settelementPrice,openInterest,preClose,suspendFlag,datetime
20250102,1735747200000,45.88,46.1,44.7,44.95,348132,1575496086.0,0.0,15,45.900000000000006,0,2025-01-01 16:00:00
20250103,1735833600000,45.00000000000001,45.17,44.160000000000004,44.36000000000001,273873,1223704155.0,0.0,15,44.95,0,2025-01-02 16:00:00
20250106,1736092800000,44.75,45.11,44.38,45.010000000000005,301481,1351231038.9999998,0.0,15,44.36,0,2025-01-05 16:00:00
20250107,1736179200000,45.05,45.089999999999996,44.01,44.04,257422,1139218012.0000002,0.0,15,45.01,0,2025-01-06 16:00:00
20250108,1736265600000,44.050000000000004,44.18,42.95,43.550000000000004,350327,1524946448.0,0.0,15,44.040000000000006,0,2025-01-07 16:00:00
20250109,1736352000000,43.580000000000005,43.870000000000005,43.06,43.080000000000005,257768,1116825881.0,0.0,15,43.550000000000004,0,2025-01-08 16:00:00
20250110,1736438400000,43.06,43.410000000000004,42.53,42.67,265752,1138717521.0,0.0,15,43.08,0,2025-01-09 16:00:00
20250113,1736697600000,42.51,43.17,42.4,42.809999999999995,191129,819457430.0,0.0,15,42.67,0,2025-01-12 16:00:00
20250114,1736784000000,42.81,44.410000000000004,42.81,44.29,337755,1481294682.0000002,0.0,15,42.81,0,2025-01-13 16:00:00
20250115,1736870400000,44.260000000000005,44.28,43.660000000000004,43.88,184965,810779951.0000001,0.0,15,44.290000000000006,0,2025-01-14 16:00:00
20250116,1736956800000,44.08,44.15,42.86,42.9,310158,1344908224.0,0.0,15,43.88,0,2025-01-15 16:00:00
20250117,1737043200000,42.5,43.08,42.44,42.839999999999996,200612,857835007.0,0.0,15,42.9,0,2025-01-16 16:00:00
20250120,1737302400000,43.29,45.36,43.28,44.52,558603,2490393185.0,0.0,15,42.84,0,2025-01-19 16:00:00
20250121,1737388800000,44.85,45.300000000000004,44.550000000000004,45.13,353980,1593272360.0000002,0.0,15,44.52,0,2025-01-20 16:00:00
20250122,1737475200000,45.03,45.24,44.24,44.43,210751,939501099.0000001,0.0,15,45.13,0,2025-01-21 16:00:00
20250123,1737561600000,44.550000000000004,44.82,43.77,43.96,286082,1264462646.0,0.0,15,44.43,0,2025-01-22 16:00:00
20250124,1737648000000,43.87,45.15,43.82,44.64,350461,1569811205.0000002,0.0,15,43.96,0,2025-01-23 16:00:00
20250127,1737907200000,44.8,45.18,44.58,44.65,193068,864900093.0,0.0,15,44.64,0,2025-01-26 16:00:00
20250205,1738684800000,44.669999999999995,44.8,43.87,44.01,274407,1209865781.0,0.0,15,44.65,0,2025-02-04 16:00:00
20250206,1738771200000,44.13,44.550000000000004,43.67,44.36,252177,1113529253.0,0.0,15,44.010000000000005,0,2025-02-05 16:00:00
20250207,1738857600000,44.36,46.33,44.0,45.29,505422,2283393395.0,0.0,15,44.36,0,2025-02-06 16:00:00
20250210,1739116800000,45.5,45.5,44.67,44.88,378892,1702769263.0000002,0.0,15,45.29,0,2025-02-09 16:00:00
20250211,1739203200000,45.00000000000001,45.1,44.050000000000004,44.190000000000005,310678,1376208094.0000002,0.0,15,44.88,0,2025-02-10 16:00:00
20250212,1739289600000,44.2,44.550000000000004,44.02,44.440000000000005,251757,1113067394.0,0.0,15,44.190000000000005,0,2025-02-11 16:00:00
20250213,1739376000000,44.300000000000004,45.06,44.06,44.64,378625,1692124022.0,0.0,15,44.440000000000005,0,2025-02-12 16:00:00
20250214,1739462400000,44.620000000000005,45.77,44.56,45.5,522174,2363013539.0,0.0,15,44.64,0,2025-02-13 16:00:00
20250217,1739721600000,45.800000000000004,46.31,44.95,45.260000000000005,557653,2543137861.0,0.0,15,45.5,0,2025-02-16 16:00:00
20250218,1739808000000,45.31,45.77,44.660000000000004,44.82,350219,1582024379.0,0.0,15,45.260000000000005,0,2025-02-17 16:00:00
20250219,1739894400000,44.74,45.18,44.2,44.71,367611,1642055731.0,0.0,15,44.82,0,2025-02-18 16:00:00
20250220,1739980800000,44.75,46.98,44.75,46.5,854058,3962875924.0,0.0,15,44.71,0,2025-02-19 16:00:00
20250221,1740067200000,46.7,48.480000000000004,46.53,48.28,975118,4658378219.0,0.0,15,46.5,0,2025-02-20 16:00:00
20250224,1740326400000,48.4,48.65,47.6,48.09,533081,2562457640.0,0.0,15,48.28,0,2025-02-23 16:00:00
20250225,1740412800000,47.64,48.25,47.17,47.370000000000005,354332,1689640415.0,0.0,15,48.09,0,2025-02-24 16:00:00
20250226,1740499200000,47.6,47.74,46.95,47.550000000000004,328113,1551997435.0,0.0,15,47.370000000000005,0,2025-02-25 16:00:00
20250227,1740585600000,47.4,48.36,47.19,47.91,369081,1768169581.0,0.0,15,47.55,0,2025-02-26 16:00:00
20250228,1740672000000,47.71,48.1,45.81,45.96,491615,2294571489.0,0.0,15,47.910000000000004,0,2025-02-27 16:00:00
20250303,1740931200000,45.95,46.81,45.77,45.92,318946,1476382971.0,0.0,15,45.96,0,2025-03-02 16:00:00
20250304,1741017600000,45.81,46.09,45.38,45.86,243337,1113598159.0,0.0,15,45.92,0,2025-03-03 16:00:00
20250305,1741104000000,45.86,46.12,45.46,45.980000000000004,252670,1157331477.0,0.0,15,45.86,0,2025-03-04 16:00:00
20250306,1741190400000,46.300000000000004,46.86000000000001,46.050000000000004,46.52,331389,1539946174.9999998,0.0,15,45.980000000000004,0,2025-03-05 16:00:00
20250307,1741276800000,46.400000000000006,46.400000000000006,45.52,45.68,336614,1544840660.9999998,0.0,15,46.52,0,2025-03-06 16:00:00
20250310,1741536000000,45.82,46.16,45.0,45.49,343606,1561460747.0,0.0,15,45.68,0,2025-03-09 16:00:00
20250311,1741622400000,45.050000000000004,45.49,44.95,45.34,291535,1317152156.9999998,0.0,15,45.49,0,2025-03-10 16:00:00
20250312,1741708800000,45.38,45.790000000000006,44.95,45.0,339551,1533371103.0,0.0,15,45.34,0,2025-03-11 16:00:00
20250313,1741795200000,45.050000000000004,45.28,44.77,45.03,243349,1095003467.0000002,0.0,15,45.0,0,2025-03-12 16:00:00
20250314,1741881600000,45.120000000000005,46.870000000000005,44.88,46.540000000000006,573207,2648874639.9999995,0.0,15,45.03,0,2025-03-13 16:00:00
20250317,1742140800000,47.32,47.35,46.38,46.480000000000004,277431,1295638303.0,0.0,15,46.54,0,2025-03-16 16:00:00
20250318,1742227200000,46.88,47.480000000000004,46.42,46.5,308309,1443933601.0000002,0.0,15,46.480000000000004,0,2025-03-17 16:00:00
20250319,1742313600000,46.52,48.120000000000005,46.300000000000004,47.290000000000006,485162,2295409175.0,0.0,15,46.50000000000001,0,2025-03-18 16:00:00
20250320,1742400000000,47.2,47.470000000000006,46.480000000000004,46.63,325188,1521454257.0,0.0,15,47.290000000000006,0,2025-03-19 16:00:00
20250321,1742486400000,46.4,46.629999999999995,44.83,44.85,541538,2458827778.0,0.0,15,46.629999999999995,0,2025-03-20 16:00:00
20250324,1742745600000,44.86,45.040000000000006,44.2,44.35,327076,1454999354.0,0.0,15,44.85,0,2025-03-23 16:00:00
20250325,1742832000000,44.470000000000006,45.02,44.230000000000004,44.870000000000005,229105,1026660592.0000001,0.0,15,44.35,0,2025-03-24 16:00:00
20250326,1742918400000,46.2,46.94,46.07,46.23,611036,2832596082.9999995,0.0,15,44.87,0,2025-03-25 16:00:00
20250327,1743004800000,46.08,48.42,45.6,48.39,868632,4127696681.0,0.0,15,46.230000000000004,0,2025-03-26 16:00:00
20250328,1743091200000,48.39,49.53,48.39,48.61,772998,3782798004.0000005,0.0,15,48.39,0,2025-03-27 16:00:00
20250331,1743350400000,48.980000000000004,50.08,48.85,49.2,783166,3863528326.0,0.0,15,48.61,0,2025-03-30 16:00:00
20250401,1743436800000,49.2,52.5,48.910000000000004,51.800000000000004,1359063,6963773597.0,0.0,15,49.2,0,2025-03-31 16:00:00
20250402,1743523200000,51.32,51.760000000000005,50.660000000000004,50.85,631879,3230471821.0,0.0,15,51.800000000000004,0,2025-04-01 16:00:00
20250403,1743609600000,50.410000000000004,51.6,50.410000000000004,51.040000000000006,517858,2643033087.0,0.0,15,50.85,0,2025-04-02 16:00:00
20250407,1743955200000,48.8,49.849999999999994,46.76,48.699999999999996,1155033,5580749462.0,0.0,15,51.04,0,2025-04-06 16:00:00
20250408,1744041600000,48.8,49.29,47.26,48.699999999999996,987646,4739094856.0,0.0,15,48.699999999999996,0,2025-04-07 16:00:00
20250409,1744128000000,47.73,48.22,45.86,48.22,975200,4574095268.0,0.0,15,48.7,0,2025-04-08 16:00:00
20250410,1744214400000,48.97,49.089999999999996,47.86,48.5,731713,3541702205.0,0.0,15,48.22,0,2025-04-09 16:00:00
20250411,1744300800000,48.160000000000004,48.68000000000001,47.800000000000004,48.38,425798,2053266781.0000002,0.0,15,48.50000000000001,0,2025-04-10 16:00:00
20250414,1744560000000,48.38,50.0,48.1,48.870000000000005,571834,2811326097.0000005,0.0,15,48.38,0,2025-04-13 16:00:00
20250415,1744646400000,48.6,48.93,47.92,48.27,326289,1571241599.0,0.0,15,48.870000000000005,0,2025-04-14 16:00:00
20250416,1744732800000,48.4,48.9,47.36,48.9,455344,2184411134.0,0.0,15,48.269999999999996,0,2025-04-15 16:00:00
20250417,1744819200000,48.54,48.87,48.32,48.78,303900,1477059115.0,0.0,15,48.9,0,2025-04-16 16:00:00
20250418,1744905600000,48.58,48.92,47.86,48.0,253302,1217785121.0,0.0,15,48.78,0,2025-04-17 16:00:00
20250421,1745164800000,47.7,49.400000000000006,47.63,49.17,370680,1811287012.0,0.0,15,48.0,0,2025-04-20 16:00:00
20250422,1745251200000,49.04,51.3,49.04,50.97,617892,3116791043.0,0.0,15,49.17,0,2025-04-21 16:00:00
20250423,1745337600000,50.96000000000001,51.45,50.620000000000005,51.09,385430,1964625809.0,0.0,15,50.970000000000006,0,2025-04-22 16:00:00
20250424,1745424000000,50.97,51.72,50.42,51.13,336077,1721477004.0,0.0,15,51.09,0,2025-04-23 16:00:00
20250425,1745510400000,51.68,52.0,49.97,50.269999999999996,524329,2660676969.9999995,0.0,15,51.129999999999995,0,2025-04-24 16:00:00
20250428,1745769600000,49.68,50.15,49.0,49.97,396210,1969933550.9999998,0.0,15,50.27,0,2025-04-27 16:00:00
20250429,1745856000000,49.71,49.730000000000004,48.88,49.6,346670,1708826486.0,0.0,15,49.970000000000006,0,2025-04-28 16:00:00
20250430,1745942400000,49.45,51.36000000000001,49.300000000000004,51.1,429338,2173618447.0,0.0,15,49.6,0,2025-04-29 16:00:00
20250506,1746460800000,52.1,52.18000000000001,50.730000000000004,51.00000000000001,385439,1971965956.0,0.0,15,51.1,0,2025-05-05 16:00:00
20250507,1746547200000,52.1,52.25,51.01,51.51,397288,2044498617.0000002,0.0,15,51.0,0,2025-05-06 16:00:00
20250508,1746633600000,51.22,51.730000000000004,51.03,51.56,290148,1493108281.0,0.0,15,51.51,0,2025-05-07 16:00:00
20250509,1746720000000,51.56,52.99,51.45,52.81,586037,3078537818.9999995,0.0,15,51.56,0,2025-05-08 16:00:00
20250512,1746979200000,52.0,52.0,50.2,50.690000000000005,843912,4279425861.0,0.0,15,52.81,0,2025-05-11 16:00:00
20250513,1747065600000,51.190000000000005,52.230000000000004,50.88,51.230000000000004,519132,2667979498.0,0.0,15,50.690000000000005,0,2025-05-12 16:00:00
20250514,1747152000000,51.019999999999996,53.25,51.01,52.9,626347,3280790285.0,0.0,15,51.23,0,2025-05-13 16:00:00
20250515,1747238400000,52.900000000000006,53.95,52.7,53.690000000000005,533615,2853103030.0000005,0.0,15,52.900000000000006,0,2025-05-14 16:00:00
20250516,1747324800000,53.49,54.0,52.9,53.85,382177,2047406426.0,0.0,15,53.69,0,2025-05-15 16:00:00
20250519,1747584000000,53.800000000000004,54.330000000000005,53.050000000000004,53.45,350191,1875209002.0,0.0,15,53.85,0,2025-05-18 16:00:00
20250520,1747670400000,54.29,55.15,53.79,54.449999999999996,593357,3233612042.0,0.0,15,53.449999999999996,0,2025-05-19 16:00:00
20250521,1747756800000,54.28,56.5,54.03,55.94,612403,3398156910.0,0.0,15,54.45,0,2025-05-20 16:00:00
20250522,1747843200000,56.00000000000001,56.36000000000001,55.160000000000004,55.6,413146,2298821740.0000005,0.0,15,55.940000000000005,0,2025-05-21 16:00:00
20250523,1747929600000,55.900000000000006,56.00000000000001,54.300000000000004,54.50000000000001,541840,2981192924.0000005,0.0,15,55.400000000000006,0,2025-05-22 16:00:00
20250526,1748188800000,54.2,54.63,53.06,53.35,532284,2850955759.0000005,0.0,15,54.5,0,2025-05-25 16:00:00
20250527,1748275200000,53.220000000000006,54.09,53.13,53.42,360323,1930051269.0,0.0,15,53.35,0,2025-05-26 16:00:00
20250528,1748361600000,53.589999999999996,54.93,53.33,54.25,358050,1943962412.0,0.0,15,53.42,0,2025-05-27 16:00:00
20250529,1748448000000,54.15,54.589999999999996,53.86,54.1,354853,1924548694.0000002,0.0,15,54.25,0,2025-05-28 16:00:00
20250530,1748534400000,54.29,55.66,54.25,54.74,471422,2590435177.0000005,0.0,15,54.1,0,2025-05-29 16:00:00
20250603,1748880000000,54.74,55.78,54.25,54.88,434450,2397345666.0,0.0,15,54.74,0,2025-06-02 16:00:00
20250604,1748966400000,54.839999999999996,55.839999999999996,54.61,55.29,368593,2038925051.0000002,0.0,15,54.88,0,2025-06-03 16:00:00
20250605,1749052800000,55.1,55.1,53.550000000000004,53.88,495273,2675359811.0,0.0,15,55.290000000000006,0,2025-06-04 16:00:00
20250606,1749139200000,53.900000000000006,54.18,53.38,53.800000000000004,344534,1849932993.0,0.0,15,53.88,0,2025-06-05 16:00:00
20250609,1749398400000,54.0,55.79,53.78,54.36,656906,3607525589.0000005,0.0,15,53.800000000000004,0,2025-06-08 16:00:00
20250610,1749484800000,54.38,55.800000000000004,54.38,55.13,480735,2654117466.0000005,0.0,15,54.36,0,2025-06-09 16:00:00
20250611,1749571200000,55.00000000000001,55.81,54.550000000000004,54.71,377736,2080608921.0000002,0.0,15,55.13,0,2025-06-10 16:00:00
20250612,1749657600000,54.4,56.2,54.0,55.82,493188,2730556453.0,0.0,15,54.71,0,2025-06-11 16:00:00
20250613,1749744000000,55.690000000000005,56.06,53.56,53.89,660238,3593704539.0,0.0,15,55.82,0,2025-06-12 16:00:00
20250616,1750003200000,53.410000000000004,54.08,53.1,53.76,392241,2100282375.0,0.0,15,53.89,0,2025-06-15 16:00:00
20250617,1750089600000,54.0,54.21,51.6,51.84,695180,3648258374.0,0.0,15,53.760000000000005,0,2025-06-16 16:00:00
20250618,1750176000000,51.7,52.23,51.32,51.81,334095,1728559051.0000002,0.0,15,51.84,0,2025-06-17 16:00:00
20250619,1750262400000,51.84,52.39,51.31,51.580000000000005,373167,1930536852.0,0.0,15,51.81,0,2025-06-18 16:00:00
20250620,1750348800000,51.75,52.330000000000005,51.63,51.760000000000005,240608,1249132876.0,0.0,15,51.580000000000005,0,2025-06-19 16:00:00
20250623,1750608000000,51.68,52.18,51.2,51.96,313281,1620281115.0,0.0,15,51.760000000000005,0,2025-06-22 16:00:00
20250624,1750694400000,52.09,52.50000000000001,51.730000000000004,52.150000000000006,451035,2347206997.0,0.0,15,51.96,0,2025-06-23 16:00:00
20250625,1750780800000,52.150000000000006,53.03,51.31,52.95,536482,2799316482.0,0.0,15,52.150000000000006,0,2025-06-24 16:00:00
20250626,1750867200000,52.6,52.949999999999996,51.9,52.08,392269,2050704854.0,0.0,15,52.949999999999996,0,2025-06-25 16:00:00
20250627,1750953600000,51.910000000000004,52.07,51.67,51.95,287765,1492711802.0,0.0,15,52.08,0,2025-06-26 16:00:00
20250630,1751212800000,51.910000000000004,52.190000000000005,50.99,51.9,445355,2292910157.0,0.0,15,51.95,0,2025-06-29 16:00:00
20250701,1751299200000,51.89000000000001,52.74,51.800000000000004,52.46,397725,2084478374.0,0.0,15,51.900000000000006,0,2025-06-30 16:00:00
20250702,1751385600000,52.4,53.440000000000005,52.1,52.25,325712,1714632081.0,0.0,15,52.46,0,2025-07-01 16:00:00
20250703,1751472000000,52.260000000000005,52.580000000000005,51.81,52.47,293678,1536828863.0000002,0.0,15,52.25,0,2025-07-02 16:00:00
20250704,1751558400000,52.61,53.79,52.6,53.26,477923,2548289616.0,0.0,15,52.47,0,2025-07-03 16:00:00
20250707,1751817600000,53.38,53.59,52.56,52.650000000000006,286388,1516132786.0,0.0,15,53.260000000000005,0,2025-07-06 16:00:00
20250708,1751904000000,52.69,53.69,52.5,53.4,359263,1916547623.0000002,0.0,15,52.65,0,2025-07-07 16:00:00
20250709,1751990400000,53.400000000000006,57.940000000000005,53.02,57.190000000000005,1158212,6507788433.0,0.0,15,53.400000000000006,0,2025-07-08 16:00:00
20250710,1752076800000,57.13,58.28,56.61,57.6,903716,5204345946.0,0.0,15,57.19,0,2025-07-09 16:00:00
20250711,1752163200000,57.510000000000005,58.120000000000005,56.88,56.900000000000006,658632,3779524290.9999995,0.0,15,57.6,0,2025-07-10 16:00:00
20250714,1752422400000,56.75,58.050000000000004,56.56,57.21,473758,2714468293.0,0.0,15,56.900000000000006,0,2025-07-13 16:00:00
20250715,1752508800000,57.25,57.53,56.52,57.220000000000006,436928,2491977102.0,0.0,15,57.21,0,2025-07-14 16:00:00
20250716,1752595200000,57.65,58.9,57.04,57.22,398191,2293530537.0000005,0.0,15,57.22,0,2025-07-15 16:00:00
20250717,1752681600000,56.900000000000006,57.900000000000006,56.84,57.730000000000004,444146,2553187389.0,0.0,15,57.220000000000006,0,2025-07-16 16:00:00
20250718,1752768000000,58.21,59.86,57.9,58.76,660986,3881474081.0000005,0.0,15,57.73,0,2025-07-17 16:00:00
20250721,1753027200000,58.5,58.8,57.68,58.0,509442,2960736582.0000005,0.0,15,58.76,0,2025-07-20 16:00:00
20250722,1753113600000,58.0,58.85,57.2,57.410000000000004,475570,2753253571.0,0.0,15,58.0,0,2025-07-21 16:00:00
20250723,1753200000000,57.2,58.080000000000005,56.870000000000005,57.13,425295,2440208239.0,0.0,15,57.410000000000004,0,2025-07-22 16:00:00
20250724,1753286400000,57.440000000000005,57.980000000000004,56.95,57.5,465834,2670846698.0,0.0,15,57.13,0,2025-07-23 16:00:00
20250725,1753372800000,57.5,57.550000000000004,56.35,56.4,505394,2873987055.0000005,0.0,15,57.5,0,2025-07-24 16:00:00
20250728,1753632000000,60.1,62.040000000000006,59.660000000000004,62.040000000000006,1630096,9943549097.0,0.0,15,56.400000000000006,0,2025-07-27 16:00:00
20250729,1753718400000,63.0,65.43,62.13,63.800000000000004,1682769,10731327179.0,0.0,15,62.04,0,2025-07-28 16:00:00
20250730,1753804800000,63.809999999999995,64.73,62.65,63.589999999999996,980849,6247901661.0,0.0,15,63.8,0,2025-07-29 16:00:00
20250731,1753891200000,63.4,64.25,62.5,62.9,742039,4690208201.0,0.0,15,63.59,0,2025-07-30 16:00:00
20250801,1753977600000,62.83,63.58,60.76,61.309999999999995,734655,4545894531.0,0.0,15,62.9,0,2025-07-31 16:00:00
20250804,1754236800000,60.6,62.05,60.0,62.0,689613,4217834709.0000005,0.0,15,61.31,0,2025-08-03 16:00:00
20250805,1754323200000,62.11,62.46,61.56,62.300000000000004,541443,3356911222.0000005,0.0,15,62.0,0,2025-08-04 16:00:00
20250806,1754409600000,62.190000000000005,62.550000000000004,61.38,61.580000000000005,572479,3539622159.0,0.0,15,62.300000000000004,0,2025-08-05 16:00:00
20250807,1754496000000,61.25,62.1,60.7,60.81,504764,3088025792.0000005,0.0,15,61.580000000000005,0,2025-08-06 16:00:00
20250808,1754582400000,60.7,61.13,60.0,60.99,362971,2203721883.0,0.0,15,60.81,0,2025-08-07 16:00:00
20250811,1754841600000,60.99,61.42,60.68,61.07,425752,2600063209.0000005,0.0,15,60.99,0,2025-08-10 16:00:00
20250812,1754928000000,61.32,61.449999999999996,60.26,60.85,391835,2380971082.0,0.0,15,61.07,0,2025-08-11 16:00:00
20250813,1755014400000,60.85,63.510000000000005,60.85,62.61,815296,5079201588.0,0.0,15,60.85,0,2025-08-12 16:00:00
20250814,1755100800000,62.85,63.6,62.36,62.82,571266,3597162010.0,0.0,15,62.61,0,2025-08-13 16:00:00
20250815,1755187200000,62.64,64.27,62.46,63.4,614933,3908038788.0,0.0,15,62.82,0,2025-08-14 16:00:00
20250818,1755446400000,63.400000000000006,63.95,62.81,63.080000000000005,728858,4616557070.0,0.0,15,63.400000000000006,0,2025-08-17 16:00:00
20250819,1755532800000,63.400000000000006,65.4,61.63,61.690000000000005,997700,6322095612.0,0.0,15,63.080000000000005,0,2025-08-18 16:00:00
20250820,1755619200000,61.66,62.97,61.11,62.85,650424,4025484233.0,0.0,15,61.69,0,2025-08-19 16:00:00
20250821,1755705600000,63.980000000000004,65.33,62.95,63.99,858629,5507421603.0,0.0,15,62.85,0,2025-08-20 16:00:00
20250822,1755792000000,64.71,65.2,63.83,64.98,637719,4115097233.0000005,0.0,15,63.989999999999995,0,2025-08-21 16:00:00
20250825,1756051200000,64.98,66.4,64.37,66.26,849234,5551997681.0,0.0,15,64.98,0,2025-08-24 16:00:00
20250826,1756137600000,66.2,66.2,65.0,65.3,575129,3761929156.0,0.0,15,66.26,0,2025-08-25 16:00:00
20250827,1756224000000,65.01,65.71,63.04,63.05,836169,5375767159.0,0.0,15,65.3,0,2025-08-26 16:00:00
20250828,1756310400000,62.95,63.220000000000006,61.410000000000004,63.03,715902,4469129644.000001,0.0,15,63.050000000000004,0,2025-08-27 16:00:00
20250829,1756396800000,63.03,66.87,63.03,66.23,1023186,6677635302.0,0.0,15,63.03,0,2025-08-28 16:00:00
20250901,1756656000000,66.4,68.88,65.92,68.35000000000001,872181,5917826674.0,0.0,15,66.23,0,2025-08-31 16:00:00
20250902,1756742400000,69.8,70.77,67.8,68.86999999999999,1084490,7512721689.0,0.0,15,68.35,0,2025-09-01 16:00:00
20250903,1756828800000,68.8,73.42,68.8,71.98,1129369,8078844874.0,0.0,15,68.86999999999999,0,2025-09-02 16:00:00
20250904,1756915200000,71.27,71.58,67.5,68.65,1102894,7625423229.000001,0.0,15,71.98,0,2025-09-03 16:00:00
20250905,1757001600000,69.0,72.98,69.0,72.47,936479,6663122815.000001,0.0,15,68.65,0,2025-09-04 16:00:00
20250908,1757260800000,73.0,73.87,71.64,72.31,748209,5423039921.0,0.0,15,72.47,0,2025-09-07 16:00:00
20250909,1757347200000,72.17,74.04,70.48,71.09,767670,5517534682.999999,0.0,15,72.31,0,2025-09-08 16:00:00
20250910,1757433600000,70.84,71.77,70.08,70.32,468204,3306783039.0,0.0,15,71.09,0,2025-09-09 16:00:00
20250911,1757520000000,66.58,68.47,64.0,68.29,1942359,12928573364.0,0.0,15,70.32,0,2025-09-10 16:00:00
20250912,1757606400000,68.28,69.51,67.86,69.01,831215,5710845365.0,0.0,15,68.29,0,2025-09-11 16:00:00
20250915,1757865600000,68.85000000000001,69.69000000000001,68.26,69.10000000000001,611882,4225790379.0,0.0,15,69.01,0,2025-09-14 16:00:00
20250916,1757952000000,69.10000000000001,69.34,68.34,69.15,434582,2991348432.9999995,0.0,15,69.10000000000001,0,2025-09-15 16:00:00
20250917,1758038400000,69.3,70.8,69.3,70.13,586034,4103135889.0,0.0,15,69.14999999999999,0,2025-09-16 16:00:00
20250918,1758124800000,70.56,73.12,69.9,71.09,865639,6173830340.0,0.0,15,70.13000000000001,0,2025-09-17 16:00:00
20250919,1758211200000,71.1,71.24,69.49,69.64999999999999,524392,3681125692.0,0.0,15,71.08999999999999,0,2025-09-18 16:00:00
20250922,1758470400000,70.49000000000001,72.7,70.4,71.05000000000001,576542,4118513261.0000005,0.0,15,69.65,0,2025-09-21 16:00:00
20250923,1758556800000,71.0,71.19,68.5,69.7,561330,3909219697.0,0.0,15,71.05,0,2025-09-22 16:00:00
20250924,1758643200000,69.7,70.38,69.3,70.11,395302,2763214641.0,0.0,15,69.7,0,2025-09-23 16:00:00
20250925,1758729600000,72.39999999999999,73.08,71.55,72.27,739039,5347121399.000001,0.0,15,70.11,0,2025-09-24 16:00:00
20250926,1758816000000,70.8,71.37,69.23,70.08,699045,4900954439.999999,0.0,15,72.27000000000001,0,2025-09-25 16:00:00
20250929,1759075200000,69.79,69.79,67.76,69.2,647991,4442889451.999999,0.0,15,70.08,0,2025-09-28 16:00:00
20250930,1759161600000,69.0,71.58,68.8,71.55,579451,4079739679.0000005,0.0,15,69.2,0,2025-09-29 16:00:00
20251009,1759939200000,71.56,71.66,69.11,71.15,592793,4173571948.0,0.0,15,71.55,0,2025-10-08 16:00:00
20251010,1760025600000,70.38,70.88,67.85,68.19999999999999,706101,4868800903.0,0.0,15,71.14999999999999,0,2025-10-09 16:00:00
20251013,1760284800000,66.0,68.03,65.7,66.98,532287,3555005478.0,0.0,15,68.2,0,2025-10-12 16:00:00
20251014,1760371200000,67.61,67.66,63.7,64.27,702947,4593967583.0,0.0,15,66.98,0,2025-10-13 16:00:00
20251015,1760457600000,64.2,66.42,63.68,66.4,511232,3335928393.0,0.0,15,64.27,0,2025-10-14 16:00:00
20251016,1760544000000,66.42999999999999,68.5,65.72,66.84,460378,3096812046.9999995,0.0,15,66.4,0,2025-10-15 16:00:00
20251017,1760630400000,66.85,67.4,65.0,65.1,349507,2298728245.0,0.0,15,66.84,0,2025-10-16 16:00:00
20251020,1760889600000,65.99,66.51,64.83,65.13,326717,2146357392.0,0.0,15,65.1,0,2025-10-19 16:00:00
20251021,1760976000000,65.5,66.58,65.14,66.0,369560,2436269459.0,0.0,15,65.13,0,2025-10-20 16:00:00
20251022,1761062400000,66.25,66.79,65.01,65.26,398048,2610971756.0,0.0,15,66.0,0,2025-10-21 16:00:00
20251023,1761148800000,65.00999999999999,65.42999999999999,64.02,65.14,342785,2219041425.0,0.0,15,65.25999999999999,0,2025-10-22 16:00:00
20251024,1761235200000,65.26,66.36,65.01,65.5,372753,2441099938.0,0.0,15,65.14,0,2025-10-23 16:00:00
20251027,1761494400000,66.55000000000001,67.85000000000001,66.51,67.01,508925,3413538793.0,0.0,15,65.5,0,2025-10-26 16:00:00
20251028,1761580800000,65.22,65.46,63.5,63.62,1082090,6923383033.0,0.0,15,67.01,0,2025-10-27 16:00:00
20251029,1761667200000,63.6,64.48,62.71,64.02,562175,3577122185.0,0.0,15,63.62,0,2025-10-28 16:00:00
20251030,1761753600000,64.02000000000001,64.02000000000001,62.870000000000005,62.88,608740,3856500507.0,0.0,15,64.02000000000001,0,2025-10-29 16:00:00
20251031,1761840000000,63.36,65.49000000000001,63.2,64.15,837064,5386074732.999999,0.0,15,62.88,0,2025-10-30 16:00:00
20251103,1762099200000,64.96,64.99,62.82,63.4,460306,2924454178.0000005,0.0,15,64.15,0,2025-11-02 16:00:00
20251104,1762185600000,63.42,63.45,61.550000000000004,61.92,515610,3215841267.0000005,0.0,15,63.400000000000006,0,2025-11-03 16:00:00
20251105,1762272000000,61.3,62.49,61.22,61.96,334381,2074291419.0,0.0,15,61.92,0,2025-11-04 16:00:00
20251106,1762358400000,61.949999999999996,62.5,61.47,62.42,252524,1567372106.0,0.0,15,61.96,0,2025-11-05 16:00:00
20251107,1762444800000,62.0,62.49,61.5,61.58,270654,1670988958.0,0.0,15,62.42,0,2025-11-06 16:00:00
20251110,1762704000000,61.57,61.93,60.96,61.83,396248,2431973885.0,0.0,15,61.58,0,2025-11-09 16:00:00
20251111,1762790400000,61.95,62.2,61.0,61.06,275160,1687561580.0,0.0,15,61.83,0,2025-11-10 16:00:00
20251112,1762876800000,61.09,62.86000000000001,61.09,62.1,514268,3203516791.0,0.0,15,61.06,0,2025-11-11 16:00:00
20251113,1762963200000,62.690000000000005,63.790000000000006,62.230000000000004,63.56,508318,3211808939.0,0.0,15,62.1,0,2025-11-12 16:00:00
20251114,1763049600000,63.449999999999996,63.9,62.76,62.9,319504,2021555066.0,0.0,15,63.559999999999995,0,2025-11-13 16:00:00
20251117,1763308800000,62.89,63.050000000000004,61.410000000000004,61.800000000000004,315385,1952561576.9999998,0.0,15,62.900000000000006,0,2025-11-16 16:00:00
20251118,1763395200000,61.61000000000001,62.85,61.52,61.78,219101,1359324791.0000002,0.0,15,61.800000000000004,0,2025-11-17 16:00:00
20251119,1763481600000,61.5,61.78,61.02,61.11000000000001,211162,1295307075.0,0.0,15,61.78,0,2025-11-18 16:00:00
20251120,1763568000000,61.23,61.65,60.54,60.63,253480,1544020770.0,0.0,15,61.11,0,2025-11-19 16:00:00
20251121,1763654400000,60.330000000000005,61.1,59.31,59.5,447335,2679336097.0,0.0,15,60.63,0,2025-11-20 16:00:00
20251124,1763913600000,60.04,61.1,59.96,60.660000000000004,343973,2083464658.0,0.0,15,59.5,0,2025-11-23 16:00:00
20251125,1764000000000,61.1,61.61,60.53,60.88,265045,1620797704.0000002,0.0,15,60.660000000000004,0,2025-11-24 16:00:00
20251126,1764086400000,61.5,62.800000000000004,61.03,62.36,439862,2739532775.0,0.0,15,60.88,0,2025-11-25 16:00:00
20251127,1764172800000,62.6,62.96000000000001,61.940000000000005,62.09,257308,1604386050.9999998,0.0,15,62.36000000000001,0,2025-11-26 16:00:00
20251128,1764259200000,62.36,62.36,61.61,62.08,202776,1257510631.0,0.0,15,62.089999999999996,0,2025-11-27 16:00:00
20251201,1764518400000,62.080000000000005,62.09,61.06,61.940000000000005,254831,1567868103.0,0.0,15,62.080000000000005,0,2025-11-30 16:00:00
20251202,1764604800000,61.9,61.9,61.0,61.12,182306,1115986037.0,0.0,15,61.94,0,2025-12-01 16:00:00
20251203,1764691200000,61.1,61.550000000000004,60.7,60.970000000000006,198530,1211357997.0,0.0,15,61.120000000000005,0,2025-12-02 16:00:00
20251204,1764777600000,61.01,61.49,60.97,61.25,180408,1103403553.0,0.0,15,60.97,0,2025-12-03 16:00:00
20251205,1764864000000,61.190000000000005,61.790000000000006,60.7,61.620000000000005,231176,1418750952.0000002,0.0,15,61.25,0,2025-12-04 16:00:00
20251208,1765123200000,62.6,63.550000000000004,61.92,62.46,508618,3186857202.0,0.0,15,61.620000000000005,0,2025-12-07 16:00:00
20251209,1765209600000,62.32000000000001,64.15,62.300000000000004,63.080000000000005,493593,3131342824.0000005,0.0,15,62.46,0,2025-12-08 16:00:00
20251210,1765296000000,63.150000000000006,63.56,62.27,63.38,288960,1820981675.0,0.0,15,63.080000000000005,0,2025-12-09 16:00:00
20251211,1765382400000,63.56,63.94,63.11,63.4,247061,1569053154.0000002,0.0,15,63.38,0,2025-12-10 16:00:00
20251212,1765468800000,63.28,63.28,62.26,63.28,315629,1984535365.0,0.0,15,63.4,0,2025-12-11 16:00:00
20251215,1765728000000,62.68,62.68,61.38,61.38,290072,1796682727.0000002,0.0,15,63.28,0,2025-12-14 16:00:00
20251216,1765814400000,61.38,61.49,58.68,59.15,523785,3112549391.0000005,0.0,15,61.38,0,2025-12-15 16:00:00
20251217,1765900800000,59.35,60.8,59.01,60.3,330418,1980882810.0,0.0,15,59.15,0,2025-12-16 16:00:00
20251218,1765987200000,60.050000000000004,60.57,59.95,60.0,179309,1078752360.0,0.0,15,60.300000000000004,0,2025-12-17 16:00:00
20251219,1766073600000,60.07,61.38,59.910000000000004,60.85,288358,1753822164.0,0.0,15,60.00000000000001,0,2025-12-18 16:00:00
20251222,1766332800000,60.809999999999995,61.5,60.33,60.93,236709,1444845737.0,0.0,15,60.85,0,2025-12-21 16:00:00
20251223,1766419200000,60.85,62.56,60.84,61.800000000000004,329191,2037549674.0,0.0,15,60.93000000000001,0,2025-12-22 16:00:00
20251224,1766505600000,61.67,62.0,61.08,61.23,250502,1539580672.0,0.0,15,61.8,0,2025-12-23 16:00:00
20251225,1766592000000,61.22,61.660000000000004,61.03,61.4,155182,952122260.0,0.0,15,61.230000000000004,0,2025-12-24 16:00:00
20251226,1766678400000,61.300000000000004,61.660000000000004,60.6,61.06,214308,1311044160.0,0.0,15,61.4,0,2025-12-25 16:00:00
20251229,1766937600000,61.06,61.27,60.410000000000004,60.510000000000005,285752,1737055879.0,0.0,15,61.06,0,2025-12-28 16:00:00
20251230,1767024000000,60.4,60.6,59.9,60.18,253305,1525944032.0,0.0,15,60.51,0,2025-12-29 16:00:00
20251231,1767110400000,60.16,60.36,59.5,59.57,268279,1603948700.9999998,0.0,15,60.18,0,2025-12-30 16:00:00
