date,time,open,high,low,close,volume,amount,settelementPrice,openInterest,preClose,suspendFlag,datetime
20240102,1704124800000,14.46,14.660000000000002,14.280000000000001,14.590000000000002,69059,100093087.0,0.0,15,14.57,0,2024-01-01 16:00:00
20240103,1704211200000,14.53,14.58,14.18,14.44,61770,88774711.00000001,0.0,15,14.59,0,2024-01-02 16:00:00
20240104,1704297600000,14.43,14.82,14.34,14.459999999999999,51330,74615383.99999999,0.0,15,14.44,0,2024-01-03 16:00:00
20240105,1704384000000,14.46,14.46,13.96,14.05,59492,84396962.0,0.0,15,14.46,0,2024-01-04 16:00:00
20240108,1704643200000,14.05,14.05,13.66,13.71,50131,69179129.00000001,0.0,15,14.05,0,2024-01-07 16:00:00
20240109,1704729600000,13.67,13.959999999999999,13.67,13.78,45524,62812374.0,0.0,15,13.709999999999999,0,2024-01-08 16:00:00
20240110,1704816000000,13.78,13.82,13.5,13.61,40133,54836840.0,0.0,15,13.78,0,2024-01-09 16:00:00
20240111,1704902400000,13.6,13.879999999999999,13.52,13.65,34493,47377772.0,0.0,15,13.61,0,2024-01-10 16:00:00
20240112,1704988800000,13.7,14.29,13.61,14.09,85671,120659358.0,0.0,15,13.649999999999999,0,2024-01-11 16:00:00
20240115,1705248000000,14.090000000000002,14.120000000000001,13.780000000000001,14.090000000000002,51842,72540211.99999999,0.0,15,14.090000000000002,0,2024-01-14 16:00:00
20240116,1705334400000,14.02,14.18,13.9,14.1,41010,57562486.0,0.0,15,14.09,0,2024-01-15 16:00:00
20240117,1705420800000,14.07,14.26,13.6,13.6,35297,48980885.0,0.0,15,14.1,0,2024-01-16 16:00:00
20240118,1705507200000,13.540000000000001,13.590000000000002,13.030000000000001,13.55,59717,79597712.0,0.0,15,13.600000000000001,0,2024-01-17 16:00:00
20240119,1705593600000,13.52,13.629999999999999,13.27,13.33,36060,48337694.00000001,0.0,15,13.549999999999999,0,2024-01-18 16:00:00
20240122,1705852800000,13.32,13.35,12.41,12.5,68387,87390366.0,0.0,15,13.33,0,2024-01-21 16:00:00
20240123,1705939200000,12.370000000000001,12.99,12.31,12.88,78282,99425536.00000001,0.0,15,12.5,0,2024-01-22 16:00:00
20240124,1706025600000,12.879999999999999,13.39,12.76,13.37,45353,59227669.00000001,0.0,15,12.879999999999999,0,2024-01-23 16:00:00
20240125,1706112000000,13.44,13.93,13.25,13.91,53626,73636065.0,0.0,15,13.37,0,2024-01-24 16:00:00
20240126,1706198400000,13.83,14.17,13.82,13.96,42004,58644579.0,0.0,15,13.91,0,2024-01-25 16:00:00
20240129,1706457600000,13.9,14.059999999999999,13.77,13.78,33559,46706248.00000001,0.0,15,13.959999999999999,0,2024-01-28 16:00:00
20240130,1706544000000,13.72,14.030000000000001,13.38,13.41,43151,59156820.0,0.0,15,13.780000000000001,0,2024-01-29 16:00:00
20240131,1706630400000,13.06,13.59,12.9,12.99,49428,65169683.00000001,0.0,15,13.41,0,2024-01-30 16:00:00
20240201,1706716800000,12.809999999999999,13.27,12.61,12.979999999999999,42182,54638582.0,0.0,15,12.99,0,2024-01-31 16:00:00
20240202,1706803200000,12.91,13.17,12.09,12.51,39553,50066736.00000001,0.0,15,12.98,0,2024-02-01 16:00:00
20240205,1707062400000,12.52,13.76,12.52,13.76,118779,155604397.0,0.0,15,12.51,0,2024-02-04 16:00:00
20240206,1707148800000,13.45,13.99,12.77,13.68,129125,172752285.0,0.0,15,13.76,0,2024-02-05 16:00:00
20240207,1707235200000,13.7,14.79,13.51,14.33,125405,179948275.0,0.0,15,13.68,0,2024-02-06 16:00:00
20240208,1707321600000,14.16,14.75,13.51,14.64,134768,193833321.0,0.0,15,14.33,0,2024-02-07 16:00:00
20240219,1708272000000,14.680000000000001,14.99,13.88,14.9,102857,150799790.99999997,0.0,15,14.64,0,2024-02-18 16:00:00
20240220,1708358400000,14.5,15.05,14.5,15.0,81595,121008570.00000001,0.0,15,14.9,0,2024-02-19 16:00:00
20240221,1708444800000,14.700000000000001,15.450000000000001,14.700000000000001,15.040000000000001,98648,149707478.0,0.0,15,15.000000000000002,0,2024-02-20 16:00:00
20240222,1708531200000,14.92,15.1,14.74,14.950000000000001,56166,83631971.0,0.0,15,15.040000000000001,0,2024-02-21 16:00:00
20240223,1708617600000,14.91,15.28,14.75,15.15,59693,89582287.00000001,0.0,15,14.95,0,2024-02-22 16:00:00
20240226,1708876800000,15.15,15.629999999999999,15.09,15.35,71353,110096501.0,0.0,15,15.15,0,2024-02-25 16:00:00
20240227,1708963200000,15.22,15.39,15.06,15.33,44406,67565290.0,0.0,15,15.35,0,2024-02-26 16:00:00
20240228,1709049600000,15.330000000000002,15.330000000000002,14.620000000000001,14.670000000000002,76397,114320780.0,0.0,15,15.330000000000002,0,2024-02-27 16:00:00
20240229,1709136000000,14.66,15.09,14.55,14.950000000000001,71483,106779869.00000001,0.0,15,14.67,0,2024-02-28 16:00:00
20240301,1709222400000,15.05,15.38,14.870000000000001,15.24,65553,99550781.0,0.0,15,14.950000000000001,0,2024-02-29 16:00:00
20240304,1709481600000,15.5,16.76,15.5,16.76,122066,200774401.0,0.0,15,15.24,0,2024-03-03 16:00:00
20240305,1709568000000,16.76,17.490000000000002,16.3,16.48,211299,353472903.00000006,0.0,15,16.76,0,2024-03-04 16:00:00
20240306,1709654400000,16.349999999999998,16.81,16.31,16.459999999999997,102237,169202720.0,0.0,15,16.48,0,2024-03-05 16:00:00
20240307,1709740800000,16.6,17.78,16.57,17.2,221488,382032818.0,0.0,15,16.46,0,2024-03-06 16:00:00
20240308,1709827200000,17.099999999999998,17.419999999999998,16.97,17.13,133413,228859001.0,0.0,15,17.2,0,2024-03-07 16:00:00
20240311,1710086400000,17.2,17.33,16.68,16.9,87698,148666563.0,0.0,15,17.13,0,2024-03-10 16:00:00
20240312,1710172800000,16.82,16.85,16.1,16.18,156948,257600928.0,0.0,15,16.900000000000002,0,2024-03-11 16:00:00
20240313,1710259200000,16.13,16.419999999999998,16.13,16.36,72892,118945325.0,0.0,15,16.18,0,2024-03-12 16:00:00
20240314,1710345600000,16.54,16.9,16.38,16.57,98569,164242773.0,0.0,15,16.36,0,2024-03-13 16:00:00
20240315,1710432000000,16.380000000000003,16.66,16.21,16.55,66434,109090569.0,0.0,15,16.57,0,2024-03-14 16:00:00
20240318,1710691200000,16.439999999999998,16.62,16.2,16.33,74649,122035891.0,0.0,15,16.55,0,2024-03-17 16:00:00
20240319,1710777600000,16.3,16.68,16.23,16.37,89883,147731486.0,0.0,15,16.330000000000002,0,2024-03-18 16:00:00
20240320,1710864000000,16.31,16.4,15.83,15.86,111875,179508097.0,0.0,15,16.37,0,2024-03-19 16:00:00
20240321,1710950400000,15.89,16.040000000000003,15.700000000000001,15.840000000000002,62368,98759455.00000001,0.0,15,15.860000000000001,0,2024-03-20 16:00:00
20240322,1711036800000,15.7,15.959999999999999,15.67,15.87,50435,79908052.0,0.0,15,15.84,0,2024-03-21 16:00:00
20240325,1711296000000,15.8,16.21,15.790000000000001,15.81,70125,112305193.0,0.0,15,15.870000000000001,0,2024-03-24 16:00:00
20240326,1711382400000,15.82,15.92,15.39,15.73,72111,112580894.0,0.0,15,15.81,0,2024-03-25 16:00:00
20240327,1711468800000,15.74,15.77,15.44,15.44,33511,52146842.0,0.0,15,15.729999999999999,0,2024-03-26 16:00:00
20240328,1711555200000,15.39,15.59,15.17,15.49,67494,103877563.00000001,0.0,15,15.44,0,2024-03-27 16:00:00
20240329,1711641600000,15.5,16.7,15.5,16.59,146465,237417520.00000003,0.0,15,15.49,0,2024-03-28 16:00:00
20240401,1711900800000,16.76,16.94,16.37,16.89,83321,139505129.00000003,0.0,15,16.59,0,2024-03-31 16:00:00
20240402,1711987200000,16.77,17.150000000000002,16.62,16.73,67339,113597457.0,0.0,15,16.89,0,2024-04-01 16:00:00
20240403,1712073600000,16.62,16.950000000000003,16.51,16.87,53415,89484634.0,0.0,15,16.73,0,2024-04-02 16:00:00
20240408,1712505600000,16.79,17.13,16.66,16.830000000000002,51205,86619174.0,0.0,15,16.87,0,2024-04-07 16:00:00
20240409,1712592000000,16.900000000000002,16.900000000000002,16.1,16.290000000000003,64385,105306110.0,0.0,15,16.830000000000002,0,2024-04-08 16:00:00
20240410,1712678400000,16.46,16.74,16.16,16.27,53083,87093478.00000001,0.0,15,16.29,0,2024-04-09 16:00:00
20240411,1712764800000,16.139999999999997,17.479999999999997,16.06,17.169999999999998,92659,156526904.0,0.0,15,16.27,0,2024-04-10 16:00:00
20240412,1712851200000,17.180000000000003,17.87,17.01,17.37,90581,158582067.00000003,0.0,15,17.17,0,2024-04-11 16:00:00
20240415,1713110400000,17.39,18.150000000000002,17.01,17.94,114929,204073430.0,0.0,15,17.37,0,2024-04-14 16:00:00
20240416,1713196800000,17.82,17.87,17.28,17.36,67666,118897116.0,0.0,15,17.94,0,2024-04-15 16:00:00
20240417,1713283200000,17.470000000000002,18.240000000000002,17.26,18.16,98352,174609175.0,0.0,15,17.360000000000003,0,2024-04-16 16:00:00
20240418,1713369600000,18.060000000000002,18.3,17.400000000000002,17.430000000000003,116185,206156028.0,0.0,15,18.160000000000004,0,2024-04-17 16:00:00
20240419,1713456000000,17.220000000000002,17.78,17.21,17.78,65585,115629987.00000001,0.0,15,17.43,0,2024-04-18 16:00:00
20240422,1713715200000,17.7,17.94,16.98,17.03,68941,119421231.0,0.0,15,17.78,0,2024-04-21 16:00:00
20240423,1713801600000,17.14,17.25,16.53,16.700000000000003,69496,116741985.0,0.0,15,17.03,0,2024-04-22 16:00:00
20240424,1713888000000,16.75,16.88,16.52,16.75,52766,88198912.0,0.0,15,16.7,0,2024-04-23 16:00:00
20240425,1713974400000,16.8,17.13,16.75,16.85,43691,73994241.0,0.0,15,16.75,0,2024-04-24 16:00:00
20240426,1714060800000,17.19,18.540000000000003,17.19,18.39,225620,415696999.00000006,0.0,15,16.85,0,2024-04-25 16:00:00
20240429,1714320000000,18.23,18.28,17.53,17.990000000000002,181397,326694011.00000006,0.0,15,18.39,0,2024-04-28 16:00:00
20240430,1714406400000,17.970000000000002,18.37,17.85,18.040000000000003,74816,135379267.0,0.0,15,17.990000000000002,0,2024-04-29 16:00:00
20240506,1714924800000,18.16,18.62,17.92,18.580000000000002,97323,178178340.00000003,0.0,15,18.040000000000003,0,2024-05-05 16:00:00
20240507,1715011200000,18.62,19.1,18.400000000000002,18.94,95929,180945758.0,0.0,15,18.580000000000002,0,2024-05-06 16:00:00
20240508,1715097600000,18.700000000000003,19.020000000000003,18.650000000000002,18.950000000000003,57004,107671262.0,0.0,15,18.94,0,2024-05-07 16:00:00
20240509,1715184000000,19.02,19.7,18.8,19.69,86397,168167877.0,0.0,15,18.95,0,2024-05-08 16:00:00
20240510,1715270400000,19.69,19.950000000000003,19.240000000000002,19.39,61466,119737997.0,0.0,15,19.69,0,2024-05-09 16:00:00
20240513,1715529600000,19.19,19.37,18.8,19.1,73251,139655234.0,0.0,15,19.39,0,2024-05-12 16:00:00
20240514,1715616000000,19.1,19.310000000000002,18.8,18.970000000000002,54981,104555539.00000001,0.0,15,19.1,0,2024-05-13 16:00:00
20240515,1715702400000,18.970000000000002,19.25,18.8,19.04,46073,87785508.0,0.0,15,18.970000000000002,0,2024-05-14 16:00:00
20240516,1715788800000,19.01,19.1,17.990000000000002,18.160000000000004,121752,223676092.99999997,0.0,15,19.040000000000003,0,2024-05-15 16:00:00
20240517,1715875200000,18.160000000000004,18.340000000000003,17.900000000000002,18.310000000000002,67236,122309460.00000001,0.0,15,18.160000000000004,0,2024-05-16 16:00:00
20240520,1716134400000,18.32,18.57,18.04,18.36,65950,120753737.0,0.0,15,18.31,0,2024-05-19 16:00:00
20240521,1716220800000,18.310000000000002,18.360000000000003,17.94,18.0,58592,105858839.0,0.0,15,18.360000000000003,0,2024-05-20 16:00:00
20240522,1716307200000,18.01,18.16,17.28,17.39,106143,185797808.00000003,0.0,15,18.0,0,2024-05-21 16:00:00
20240523,1716393600000,17.4,17.43,17.0,17.15,46898,80550921.0,0.0,15,17.39,0,2024-05-22 16:00:00
20240524,1716480000000,17.09,17.42,17.01,17.3,57914,100081270.99999999,0.0,15,17.150000000000002,0,2024-05-23 16:00:00
20240527,1716739200000,17.27,17.84,17.2,17.8,85724,151221394.0,0.0,15,17.3,0,2024-05-26 16:00:00
20240528,1716825600000,17.8,17.82,17.41,17.44,46906,82585078.0,0.0,15,17.8,0,2024-05-27 16:00:00
20240529,1716912000000,17.48,17.59,17.16,17.56,46883,81696318.0,0.0,15,17.44,0,2024-05-28 16:00:00
20240530,1716998400000,17.55,17.71,17.41,17.53,42895,75432990.0,0.0,15,17.56,0,2024-05-29 16:00:00
20240531,1717084800000,17.55,17.6,17.07,17.16,63595,109672000.00000001,0.0,15,17.53,0,2024-05-30 16:00:00
20240603,1717344000000,17.240000000000002,17.6,17.21,17.41,56606,98612540.0,0.0,15,17.16,0,2024-06-02 16:00:00
20240604,1717430400000,17.39,17.85,17.26,17.82,53139,93608138.0,0.0,15,17.41,0,2024-06-03 16:00:00
20240605,1717516800000,17.950000000000003,17.950000000000003,16.580000000000002,16.860000000000003,120778,204925335.0,0.0,15,17.82,0,2024-06-04 16:00:00
20240606,1717603200000,16.73,17.09,16.5,16.64,78242,131242739.00000001,0.0,15,16.86,0,2024-06-05 16:00:00
20240607,1717689600000,16.840000000000003,16.880000000000003,16.580000000000002,16.76,49050,82048351.0,0.0,15,16.64,0,2024-06-06 16:00:00
20240611,1718035200000,16.79,16.8,16.43,16.69,39115,64911688.00000001,0.0,15,16.759999999999998,0,2024-06-10 16:00:00
20240612,1718121600000,16.689999999999998,16.959999999999997,16.56,16.84,35361,59412679.00000001,0.0,15,16.689999999999998,0,2024-06-11 16:00:00
20240613,1718208000000,16.79,17.1,16.43,16.49,61448,101994490.0,0.0,15,16.84,0,2024-06-12 16:00:00
20240614,1718294400000,16.18,16.52,16.14,16.39,64480,105353897.00000001,0.0,15,16.17,0,2024-06-13 16:00:00
20240617,1718553600000,16.490000000000002,16.85,16.14,16.7,59241,98860897.0,0.0,15,16.39,0,2024-06-16 16:00:00
20240618,1718640000000,16.610000000000003,17.060000000000002,16.6,16.89,51585,86934471.0,0.0,15,16.700000000000003,0,2024-06-17 16:00:00
20240619,1718726400000,16.89,16.98,16.62,16.630000000000003,34605,58032121.0,0.0,15,16.89,0,2024-06-18 16:00:00
20240620,1718812800000,16.630000000000003,16.94,16.490000000000002,16.53,43649,72870838.0,0.0,15,16.630000000000003,0,2024-06-19 16:00:00
20240621,1718899200000,16.35,16.720000000000002,16.35,16.540000000000003,32890,54429192.00000001,0.0,15,16.53,0,2024-06-20 16:00:00
20240624,1719158400000,16.53,16.53,15.780000000000001,15.840000000000002,64790,104115577.0,0.0,15,16.540000000000003,0,2024-06-23 16:00:00
20240625,1719244800000,15.930000000000001,16.16,15.700000000000001,15.96,36262,58040174.0,0.0,15,15.840000000000002,0,2024-06-24 16:00:00
20240626,1719331200000,16.02,16.12,15.76,16.09,33810,54005736.00000001,0.0,15,15.959999999999999,0,2024-06-25 16:00:00
20240627,1719417600000,16.09,16.1,15.450000000000001,15.500000000000002,55161,86191050.0,0.0,15,16.09,0,2024-06-26 16:00:00
20240628,1719504000000,15.45,16.009999999999998,15.44,15.809999999999999,54119,85775896.00000001,0.0,15,15.5,0,2024-06-27 16:00:00
20240701,1719763200000,15.88,16.42,15.790000000000001,16.18,45106,72858979.0,0.0,15,15.81,0,2024-06-30 16:00:00
20240702,1719849600000,16.15,16.15,15.41,15.77,61004,95564113.0,0.0,15,16.18,0,2024-07-01 16:00:00
20240703,1719936000000,15.74,15.860000000000001,15.370000000000001,15.41,42031,65607233.0,0.0,15,15.770000000000001,0,2024-07-02 16:00:00
20240704,1720022400000,15.49,15.73,15.31,15.38,38033,58821515.0,0.0,15,15.41,0,2024-07-03 16:00:00
20240705,1720108800000,15.39,15.690000000000001,15.120000000000001,15.63,43246,66550922.00000001,0.0,15,15.38,0,2024-07-04 16:00:00
20240708,1720368000000,15.31,15.58,15.13,15.190000000000001,38606,58923997.0,0.0,15,15.63,0,2024-07-07 16:00:00
20240709,1720454400000,15.1,15.549999999999999,14.94,15.549999999999999,49232,75138791.99999999,0.0,15,15.19,0,2024-07-08 16:00:00
20240710,1720540800000,15.75,15.76,15.15,15.290000000000001,47520,72940627.0,0.0,15,15.55,0,2024-07-09 16:00:00
20240711,1720627200000,15.45,15.75,15.33,15.7,43630,67990759.0,0.0,15,15.290000000000001,0,2024-07-10 16:00:00
20240712,1720713600000,15.700000000000001,15.76,15.4,15.52,30627,47567747.0,0.0,15,15.700000000000001,0,2024-07-11 16:00:00
20240715,1720972800000,15.52,15.52,15.0,15.06,51412,78251163.0,0.0,15,15.52,0,2024-07-14 16:00:00
20240716,1721059200000,15.120000000000001,15.200000000000001,14.96,15.010000000000002,41916,63096133.00000001,0.0,15,15.06,0,2024-07-15 16:00:00
20240717,1721145600000,14.959999999999999,15.0,14.68,14.85,44451,65774243.99999999,0.0,15,15.01,0,2024-07-16 16:00:00
20240718,1721232000000,14.79,15.19,14.59,15.17,40360,60026276.0,0.0,15,14.85,0,2024-07-17 16:00:00
20240719,1721318400000,15.1,15.1,14.67,14.77,42025,62310657.0,0.0,15,15.17,0,2024-07-18 16:00:00
20240722,1721577600000,14.879999999999999,14.959999999999999,14.68,14.82,41548,61641547.00000001,0.0,15,14.77,0,2024-07-21 16:00:00
20240723,1721664000000,14.760000000000002,14.8,14.3,14.3,41371,59935943.00000001,0.0,15,14.82,0,2024-07-22 16:00:00
20240724,1721750400000,14.25,14.42,13.94,14.0,43240,61020793.00000001,0.0,15,14.299999999999999,0,2024-07-23 16:00:00
20240725,1721836800000,13.93,14.14,13.82,13.92,29220,40734151.0,0.0,15,14.0,0,2024-07-24 16:00:00
20240726,1721923200000,14.62,15.309999999999999,14.44,15.309999999999999,103606,154193574.0,0.0,15,13.92,0,2024-07-25 16:00:00
20240729,1722182400000,15.8,15.930000000000001,14.950000000000001,15.040000000000001,182230,276360778.0,0.0,15,15.31,0,2024-07-28 16:00:00
20240730,1722268800000,14.96,14.98,14.56,14.65,110381,162213133.0,0.0,15,15.040000000000001,0,2024-07-29 16:00:00
20240731,1722355200000,14.52,15.25,14.36,15.2,117329,175251049.0,0.0,15,14.649999999999999,0,2024-07-30 16:00:00
20240801,1722441600000,15.02,15.65,15.02,15.42,123530,190387533.0,0.0,15,15.2,0,2024-07-31 16:00:00
20240802,1722528000000,15.229999999999999,15.54,15.11,15.129999999999999,72815,111649733.0,0.0,15,15.42,0,2024-08-01 16:00:00
20240805,1722787200000,15.110000000000001,15.4,14.56,14.57,63975,95412123.0,0.0,15,15.13,0,2024-08-04 16:00:00
20240806,1722873600000,14.98,15.13,14.63,14.8,54523,81041951.00000001,0.0,15,14.57,0,2024-08-05 16:00:00
20240807,1722960000000,14.85,14.959999999999999,14.59,14.66,43152,63623707.0,0.0,15,14.8,0,2024-08-06 16:00:00
20240808,1723046400000,14.67,14.690000000000001,14.31,14.58,42986,62360881.0,0.0,15,14.66,0,2024-08-07 16:00:00
20240809,1723132800000,14.58,14.950000000000001,14.55,14.56,37513,55111222.0,0.0,15,14.58,0,2024-08-08 16:00:00
20240812,1723392000000,14.53,14.85,14.41,14.69,42030,61571733.0,0.0,15,14.56,0,2024-08-11 16:00:00
20240813,1723478400000,14.760000000000002,14.790000000000001,14.450000000000001,14.680000000000001,33671,49137937.99999999,0.0,15,14.690000000000001,0,2024-08-12 16:00:00
20240814,1723564800000,14.67,14.67,14.32,14.43,31171,44969595.0,0.0,15,14.68,0,2024-08-13 16:00:00
20240815,1723651200000,14.33,14.700000000000001,14.3,14.450000000000001,33655,48735938.0,0.0,15,14.430000000000001,0,2024-08-14 16:00:00
20240816,1723737600000,14.350000000000001,14.450000000000001,14.14,14.3,29812,42615516.0,0.0,15,14.450000000000001,0,2024-08-15 16:00:00
20240819,1723996800000,14.3,14.940000000000001,14.21,14.63,58798,86303176.0,0.0,15,14.3,0,2024-08-18 16:00:00
20240820,1724083200000,14.700000000000001,14.72,14.32,14.450000000000001,38331,55344600.00000001,0.0,15,14.63,0,2024-08-19 16:00:00
20240821,1724169600000,14.299999999999999,14.549999999999999,14.26,14.37,21343,30652477.000000004,0.0,15,14.45,0,2024-08-20 16:00:00
20240822,1724256000000,14.4,14.49,14.200000000000001,14.39,32017,46042900.0,0.0,15,14.370000000000001,0,2024-08-21 16:00:00
20240823,1724342400000,14.31,14.58,14.25,14.37,34540,49656565.00000001,0.0,15,14.39,0,2024-08-22 16:00:00
20240826,1724601600000,14.33,14.549999999999999,14.02,14.5,37613,54149158.0,0.0,15,14.37,0,2024-08-25 16:00:00
20240827,1724688000000,14.51,14.54,14.26,14.35,23539,33798867.0,0.0,15,14.5,0,2024-08-26 16:00:00
20240828,1724774400000,14.170000000000002,14.4,14.120000000000001,14.190000000000001,21285,30386533.0,0.0,15,14.350000000000001,0,2024-08-27 16:00:00
20240829,1724860800000,14.61,15.32,14.33,15.09,99868,148826827.00000003,0.0,15,14.19,0,2024-08-28 16:00:00
20240830,1724947200000,15.030000000000001,15.63,14.700000000000001,15.290000000000001,93120,142191269.0,0.0,15,15.090000000000002,0,2024-08-29 16:00:00
20240902,1725206400000,15.25,15.61,15.09,15.18,72783,111898998.00000001,0.0,15,15.29,0,2024-09-01 16:00:00
20240903,1725292800000,15.170000000000002,15.500000000000002,15.120000000000001,15.39,44770,68809092.0,0.0,15,15.180000000000001,0,2024-09-02 16:00:00
20240904,1725379200000,15.280000000000001,15.600000000000001,15.05,15.450000000000001,43088,66405751.0,0.0,15,15.39,0,2024-09-03 16:00:00
20240905,1725465600000,15.52,15.82,15.41,15.64,42068,65710638.0,0.0,15,15.45,0,2024-09-04 16:00:00
20240906,1725552000000,15.65,15.68,15.32,15.32,27248,42096102.00000001,0.0,15,15.64,0,2024-09-05 16:00:00
20240909,1725811200000,15.23,15.459999999999999,15.1,15.29,32043,49075981.0,0.0,15,15.32,0,2024-09-08 16:00:00
20240910,1725897600000,15.2,15.4,15.0,15.16,39771,60354867.00000001,0.0,15,15.29,0,2024-09-09 16:00:00
20240911,1725984000000,15.33,15.49,15.06,15.200000000000001,44310,67438853.0,0.0,15,15.16,0,2024-09-10 16:00:00
20240912,1726070400000,15.14,15.97,15.14,15.770000000000001,83497,130595307.0,0.0,15,15.200000000000001,0,2024-09-11 16:00:00
20240913,1726156800000,15.8,16.46,15.66,16.27,82648,133855491.00000001,0.0,15,15.77,0,2024-09-12 16:00:00
20240918,1726588800000,16.16,16.65,16.0,16.54,67148,109816794.0,0.0,15,16.27,0,2024-09-17 16:00:00
20240919,1726675200000,16.62,16.689999999999998,16.36,16.64,62410,103214969.0,0.0,15,16.54,0,2024-09-18 16:00:00
20240920,1726761600000,16.62,16.880000000000003,16.51,16.75,57770,96517538.0,0.0,15,16.64,0,2024-09-19 16:00:00
20240923,1727020800000,16.78,17.05,16.61,16.66,44825,75347631.0,0.0,15,16.75,0,2024-09-22 16:00:00
20240924,1727107200000,16.79,16.869999999999997,16.4,16.75,62950,104941257.0,0.0,15,16.66,0,2024-09-23 16:00:00
20240925,1727193600000,16.97,16.99,16.36,16.41,91260,151983293.0,0.0,15,16.75,0,2024-09-24 16:00:00
20240926,1727280000000,16.38,16.81,16.2,16.81,65781,108280830.0,0.0,15,16.41,0,2024-09-25 16:00:00
20240927,1727366400000,16.96,17.169999999999998,16.77,17.09,53288,90644252.0,0.0,15,16.81,0,2024-09-26 16:00:00
20240930,1727625600000,17.58,18.799999999999997,17.13,18.63,164220,295777677.0,0.0,15,17.09,0,2024-09-29 16:00:00
20241008,1728316800000,20.490000000000002,20.490000000000002,18.53,19.36,140488,271600187.0,0.0,15,18.630000000000003,0,2024-10-07 16:00:00
20241009,1728403200000,19.32,19.32,17.42,17.42,142553,259334983.0,0.0,15,19.360000000000003,0,2024-10-08 16:00:00
20241010,1728489600000,17.42,18.290000000000003,17.42,17.630000000000003,104002,185993446.0,0.0,15,17.42,0,2024-10-09 16:00:00
20241011,1728576000000,17.63,17.63,16.59,16.84,91162,155248482.0,0.0,15,17.63,0,2024-10-10 16:00:00
20241014,1728835200000,17.07,17.220000000000002,16.6,16.990000000000002,108191,182615510.0,0.0,15,16.84,0,2024-10-13 16:00:00
20241015,1728921600000,16.990000000000002,16.990000000000002,16.05,16.1,179108,292367746.0,0.0,15,16.990000000000002,0,2024-10-14 16:00:00
20241016,1729008000000,15.950000000000001,16.09,15.71,15.8,110770,175784524.0,0.0,15,16.1,0,2024-10-15 16:00:00
20241017,1729094400000,15.86,15.92,15.42,15.48,94553,148067708.0,0.0,15,15.8,0,2024-10-16 16:00:00
20241018,1729180800000,15.5,16.17,15.39,15.96,123810,196399614.00000003,0.0,15,15.48,0,2024-10-17 16:00:00
20241021,1729440000000,15.99,16.24,15.76,15.94,105855,168942293.0,0.0,15,15.959999999999999,0,2024-10-20 16:00:00
20241022,1729526400000,15.940000000000001,16.330000000000002,15.780000000000001,16.12,105921,170127011.0,0.0,15,15.940000000000001,0,2024-10-21 16:00:00
20241023,1729612800000,16.15,16.2,15.91,16.0,97309,156134927.0,0.0,15,16.12,0,2024-10-22 16:00:00
20241024,1729699200000,15.96,16.03,15.83,15.97,51464,81903034.0,0.0,15,16.0,0,2024-10-23 16:00:00
20241025,1729785600000,15.97,16.27,15.92,16.17,77146,124285946.00000001,0.0,15,15.97,0,2024-10-24 16:00:00
20241028,1730044800000,16.28,16.98,16.05,16.93,161947,268371869.0,0.0,15,16.17,0,2024-10-27 16:00:00
20241029,1730131200000,17.0,17.55,16.87,17.16,174993,301163053.0,0.0,15,16.93,0,2024-10-28 16:00:00
20241030,1730217600000,16.3,16.3,15.48,15.63,242106,380790130.0,0.0,15,17.16,0,2024-10-29 16:00:00
20241031,1730304000000,15.48,15.540000000000001,14.97,15.17,164443,248788563.0,0.0,15,15.63,0,2024-10-30 16:00:00
20241101,1730390400000,15.19,15.56,15.01,15.45,141006,215996065.0,0.0,15,15.17,0,2024-10-31 16:00:00
20241104,1730649600000,15.33,15.47,15.21,15.41,91569,140350731.0,0.0,15,15.450000000000001,0,2024-11-03 16:00:00
20241105,1730736000000,15.42,15.92,15.26,15.83,126416,197173765.0,0.0,15,15.41,0,2024-11-04 16:00:00
20241106,1730822400000,15.83,16.35,15.72,15.84,151604,241880411.0,0.0,15,15.83,0,2024-11-05 16:00:00
20241107,1730908800000,15.680000000000001,16.240000000000002,15.63,16.220000000000002,125050,200448076.0,0.0,15,15.840000000000002,0,2024-11-06 16:00:00
20241108,1730995200000,16.27,16.36,15.69,15.74,161700,258018104.0,0.0,15,16.22,0,2024-11-07 16:00:00
20241111,1731254400000,15.77,15.99,15.57,15.98,97982,154768416.00000003,0.0,15,15.74,0,2024-11-10 16:00:00
20241112,1731340800000,16.1,16.330000000000002,15.82,15.99,144477,232444762.0,0.0,15,15.98,0,2024-11-11 16:00:00
20241113,1731427200000,15.92,16.55,15.92,16.4,149348,243040608.0,0.0,15,15.99,0,2024-11-12 16:00:00
20241114,1731513600000,16.37,16.63,16.2,16.25,138596,226899969.00000003,0.0,15,16.4,0,2024-11-13 16:00:00
20241115,1731600000000,16.220000000000002,16.560000000000002,16.03,16.1,117162,190332124.0,0.0,15,16.25,0,2024-11-14 16:00:00
20241118,1731859200000,16.1,16.2,15.24,15.31,118215,184990805.0,0.0,15,16.1,0,2024-11-17 16:00:00
20241119,1731945600000,15.450000000000001,15.71,15.31,15.700000000000001,72519,112704727.00000001,0.0,15,15.31,0,2024-11-18 16:00:00
20241120,1732032000000,15.690000000000001,15.71,15.47,15.700000000000001,69578,108519992.0,0.0,15,15.700000000000001,0,2024-11-19 16:00:00
20241121,1732118400000,15.62,15.84,15.58,15.68,58865,92644861.0,0.0,15,15.7,0,2024-11-20 16:00:00
20241122,1732204800000,15.75,15.79,15.1,15.1,64327,99312654.0,0.0,15,15.68,0,2024-11-21 16:00:00
20241125,1732464000000,15.1,15.42,15.06,15.26,51034,77616172.0,0.0,15,15.1,0,2024-11-24 16:00:00
20241126,1732550400000,15.27,15.47,15.16,15.21,40497,61922177.00000001,0.0,15,15.26,0,2024-11-25 16:00:00
20241127,1732636800000,15.14,15.350000000000001,14.8,15.350000000000001,58067,87276442.99999999,0.0,15,15.21,0,2024-11-26 16:00:00
20241128,1732723200000,15.299999999999999,15.35,15.1,15.139999999999999,58076,88378639.0,0.0,15,15.35,0,2024-11-27 16:00:00
20241129,1732809600000,15.18,15.32,14.99,15.21,65496,99354192.0,0.0,15,15.14,0,2024-11-28 16:00:00
20241202,1733068800000,15.280000000000001,15.620000000000001,15.14,15.600000000000001,94600,146159762.0,0.0,15,15.21,0,2024-12-01 16:00:00
20241203,1733155200000,15.55,15.58,15.32,15.49,61165,94588919.0,0.0,15,15.6,0,2024-12-02 16:00:00
20241204,1733241600000,15.450000000000001,15.8,15.370000000000001,15.600000000000001,80419,125549991.00000001,0.0,15,15.49,0,2024-12-03 16:00:00
20241205,1733328000000,15.620000000000001,15.950000000000001,15.47,15.72,78444,123408347.00000001,0.0,15,15.600000000000001,0,2024-12-04 16:00:00
20241206,1733414400000,15.700000000000001,16.05,15.620000000000001,15.98,97088,154449226.0,0.0,15,15.72,0,2024-12-05 16:00:00
20241209,1733673600000,15.92,16.08,15.43,15.5,143726,225507163.0,0.0,15,15.98,0,2024-12-08 16:00:00
20241210,1733760000000,15.780000000000001,15.790000000000001,15.4,15.41,137735,214615717.0,0.0,15,15.5,0,2024-12-09 16:00:00
20241211,1733846400000,15.35,15.65,15.25,15.42,73430,113312007.0,0.0,15,15.41,0,2024-12-10 16:00:00
20241212,1733932800000,15.48,16.19,15.24,15.95,159056,249987626.0,0.0,15,15.42,0,2024-12-11 16:00:00
20241213,1734019200000,15.8,16.45,15.74,16.3,270703,438060133.00000006,0.0,15,15.950000000000001,0,2024-12-12 16:00:00
20241216,1734278400000,16.3,16.55,15.84,16.16,262416,424955081.99999994,0.0,15,16.3,0,2024-12-15 16:00:00
20241217,1734364800000,16.09,16.8,16.01,16.650000000000002,302732,497512240.0,0.0,15,16.16,0,2024-12-16 16:00:00
20241218,1734451200000,16.830000000000002,17.150000000000002,16.46,16.57,315552,529319114.0,0.0,15,16.650000000000002,0,2024-12-17 16:00:00
20241219,1734537600000,16.23,16.25,15.68,15.87,226466,360779298.0,0.0,15,16.57,0,2024-12-18 16:00:00
20241220,1734624000000,15.8,16.080000000000002,15.700000000000001,15.760000000000002,128577,203997150.0,0.0,15,15.870000000000001,0,2024-12-19 16:00:00
20241223,1734883200000,15.67,15.709999999999999,15.09,15.1,158862,243021349.0,0.0,15,15.76,0,2024-12-22 16:00:00
20241224,1734969600000,15.040000000000001,15.200000000000001,14.950000000000001,15.160000000000002,89123,134454269.0,0.0,15,15.100000000000001,0,2024-12-23 16:00:00
20241225,1735056000000,15.16,15.16,14.63,14.82,106140,157401736.0,0.0,15,15.16,0,2024-12-24 16:00:00
20241226,1735142400000,14.79,15.02,14.75,14.92,62512,93232872.0,0.0,15,14.82,0,2024-12-25 16:00:00
20241227,1735228800000,14.88,15.270000000000001,14.790000000000001,15.200000000000001,97433,147126064.0,0.0,15,14.920000000000002,0,2024-12-26 16:00:00
20241230,1735488000000,15.200000000000001,15.290000000000001,15.030000000000001,15.13,72344,109527744.0,0.0,15,15.200000000000001,0,2024-12-29 16:00:00
20241231,1735574400000,15.08,15.16,14.77,14.78,73221,109231711.0,0.0,15,15.129999999999999,0,2024-12-30 16:00:00
