date,time,open,high,low,close,volume,amount,settelementPrice,openInterest,preClose,suspendFlag,datetime
20240102,1704124800000,102.81,104.23,100.65,102.36,10157,104161042.0,0.0,15,102.95,0,2024-01-01 16:00:00
20240103,1704211200000,101.79,102.13000000000001,99.68,100.30000000000001,8856,89242786.00000001,0.0,15,102.36000000000001,0,2024-01-02 16:00:00
20240104,1704297600000,100.1,100.3,98.0,98.45,6636,65464286.0,0.0,15,100.3,0,2024-01-03 16:00:00
20240105,1704384000000,98.35000000000001,99.5,97.09,97.62,7979,78199766.00000001,0.0,15,98.45,0,2024-01-04 16:00:00
20240108,1704643200000,99.0,99.0,92.86,93.02,9218,86853788.0,0.0,15,97.62,0,2024-01-07 16:00:00
20240109,1704729600000,93.10000000000001,94.38000000000001,91.29,91.58000000000001,9186,84990961.0,0.0,15,93.02000000000001,0,2024-01-08 16:00:00
20240110,1704816000000,91.35,92.52,89.0,90.58,6063,55203087.00000001,0.0,15,91.58,0,2024-01-09 16:00:00
20240111,1704902400000,95.0,101.72,94.5,97.73,28965,283239043.0,0.0,15,90.58,0,2024-01-10 16:00:00
20240112,1704988800000,97.72,98.99000000000001,95.62,96.7,12286,119331960.0,0.0,15,97.73,0,2024-01-11 16:00:00
20240115,1705248000000,95.60000000000001,99.48,95.10000000000001,97.41000000000001,10804,105628459.00000001,0.0,15,96.7,0,2024-01-14 16:00:00
20240116,1705334400000,97.0,99.2,94.0,96.04,13730,130866157.00000001,0.0,15,97.41,0,2024-01-15 16:00:00
20240117,1705420800000,96.0,96.21,91.63,91.97999999999999,9823,91993708.00000001,0.0,15,96.03999999999999,0,2024-01-16 16:00:00
20240118,1705507200000,91.0,93.39999999999999,87.8,91.27,13380,120097643.00000001,0.0,15,91.97999999999999,0,2024-01-17 16:00:00
20240119,1705593600000,91.52000000000001,92.7,90.4,90.64,8482,77580316.00000001,0.0,15,91.27000000000001,0,2024-01-18 16:00:00
20240122,1705852800000,90.8,91.78,85.02,85.5,12313,108490079.0,0.0,15,90.64,0,2024-01-21 16:00:00
20240123,1705939200000,85.7,86.66,84.17,85.75,10234,87483565.0,0.0,15,85.5,0,2024-01-22 16:00:00
20240124,1706025600000,86.0,86.38,81.5,84.68,12161,101562637.0,0.0,15,85.75,0,2024-01-23 16:00:00
20240125,1706112000000,84.48,87.28,83.2,86.57000000000001,12742,109388697.0,0.0,15,84.68,0,2024-01-24 16:00:00
20240126,1706198400000,86.38,86.52,83.0,83.11,11833,99336190.0,0.0,15,86.57,0,2024-01-25 16:00:00
20240129,1706457600000,83.87,85.8,82.19,82.21,11424,96086861.0,0.0,15,83.11,0,2024-01-28 16:00:00
20240130,1706544000000,82.79,85.55000000000001,82.23,84.15,17774,149516584.0,0.0,15,82.21000000000001,0,2024-01-29 16:00:00
20240131,1706630400000,84.15,85.19,80.22,80.67999999999999,16412,136075588.0,0.0,15,84.15,0,2024-01-30 16:00:00
20240201,1706716800000,81.3,86.30000000000001,80.48,84.19,19829,165739648.99999997,0.0,15,80.68,0,2024-01-31 16:00:00
20240202,1706803200000,84.19,84.98,76.12,78.67,20146,162274052.0,0.0,15,84.19,0,2024-02-01 16:00:00
20240205,1707062400000,77.5,80.88,72.72,79.05,17296,132814032.00000001,0.0,15,78.67,0,2024-02-04 16:00:00
20240206,1707148800000,78.23,85.49000000000001,75.67,83.5,20155,164166788.0,0.0,15,79.05,0,2024-02-05 16:00:00
20240207,1707235200000,84.33000000000001,88.4,83.10000000000001,85.68,19985,172070816.0,0.0,15,83.50000000000001,0,2024-02-06 16:00:00
20240208,1707321600000,86.55,93.89999999999999,86.55,88.89999999999999,21704,195348116.99999997,0.0,15,85.67999999999999,0,2024-02-07 16:00:00
20240219,1708272000000,91.98,92.66,89.2,91.78,18341,166656392.99999997,0.0,15,88.9,0,2024-02-18 16:00:00
20240220,1708358400000,90.3,91.78,87.33,90.3,17099,152849489.0,0.0,15,91.78,0,2024-02-19 16:00:00
20240221,1708444800000,89.3,91.67,87.5,89.4,13684,122998616.0,0.0,15,90.3,0,2024-02-20 16:00:00
20240222,1708531200000,89.32000000000001,91.33,89.26,90.74000000000001,9832,89089869.0,0.0,15,89.4,0,2024-02-21 16:00:00
20240223,1708617600000,91.5,92.47,89.02,92.11,12529,113616357.00000001,0.0,15,90.74,0,2024-02-22 16:00:00
20240226,1708876800000,93.0,95.39,91.19,93.25999999999999,13005,121408382.00000001,0.0,15,92.11,0,2024-02-25 16:00:00
20240227,1708963200000,92.4,96.89000000000001,91.10000000000001,96.00000000000001,15007,141200491.99999997,0.0,15,93.26,0,2024-02-26 16:00:00
20240228,1709049600000,96.01,97.9,90.0,90.0,13941,131001964.0,0.0,15,96.0,0,2024-02-27 16:00:00
20240229,1709136000000,90.0,94.75,90.0,94.75,11997,111821063.0,0.0,15,90.0,0,2024-02-28 16:00:00
20240301,1709222400000,94.82000000000001,97.5,94.29,96.18,14395,138018069.0,0.0,15,94.75,0,2024-02-29 16:00:00
20240304,1709481600000,97.0,97.92,95.0,96.63,12321,118809596.00000001,0.0,15,96.18,0,2024-03-03 16:00:00
20240305,1709568000000,95.99000000000001,98.88000000000001,95.68,97.30000000000001,13479,130997022.99999999,0.0,15,96.63000000000001,0,2024-03-04 16:00:00
20240306,1709654400000,96.0,97.39999999999999,94.24,95.53,7551,72393313.0,0.0,15,97.3,0,2024-03-05 16:00:00
20240307,1709740800000,96.12,96.77000000000001,92.98,92.98,7064,66855208.0,0.0,15,95.53,0,2024-03-06 16:00:00
20240308,1709827200000,92.64,94.1,91.5,93.76,9978,92599738.0,0.0,15,92.98,0,2024-03-07 16:00:00
20240311,1710086400000,92.98,95.2,91.71000000000001,95.17,7718,72405093.00000001,0.0,15,93.76,0,2024-03-10 16:00:00
20240312,1710172800000,95.0,98.36,94.73,97.25,9393,91198506.00000001,0.0,15,95.17,0,2024-03-11 16:00:00
20240313,1710259200000,98.00000000000001,98.99000000000001,96.74000000000001,97.18,7820,76487125.0,0.0,15,97.25000000000001,0,2024-03-12 16:00:00
20240314,1710345600000,96.71000000000001,97.36,93.78,94.39,7814,74371714.0,0.0,15,97.18,0,2024-03-13 16:00:00
20240315,1710432000000,94.99000000000001,96.38,93.81,96.25,6166,58654085.0,0.0,15,94.39,0,2024-03-14 16:00:00
20240318,1710691200000,96.06,97.95,95.02,97.46,11338,109139058.0,0.0,15,96.25,0,2024-03-17 16:00:00
20240319,1710777600000,97.7,98.69,97.0,97.01,8098,79251077.0,0.0,15,97.46,0,2024-03-18 16:00:00
20240320,1710864000000,97.02,98.17,95.77,98.11999999999999,8080,78624647.0,0.0,15,97.00999999999999,0,2024-03-19 16:00:00
20240321,1710950400000,98.15,99.88000000000001,97.2,97.91,7328,71886291.0,0.0,15,98.12,0,2024-03-20 16:00:00
20240322,1711036800000,97.72000000000001,98.96000000000001,95.46000000000001,95.85000000000001,9174,88731335.0,0.0,15,97.91000000000001,0,2024-03-21 16:00:00
20240325,1711296000000,99.56,103.33,97.91,98.58,25903,260398732.00000003,0.0,15,95.85,0,2024-03-24 16:00:00
20240326,1711382400000,99.6,100.61,94.0,95.1,15814,153240301.00000003,0.0,15,98.58,0,2024-03-25 16:00:00
20240327,1711468800000,95.3,95.97,92.08,92.61,14384,133864678.0,0.0,15,95.1,0,2024-03-26 16:00:00
20240328,1711555200000,92.05,94.43,91.0,91.55,15772,145969145.0,0.0,15,92.61,0,2024-03-27 16:00:00
20240329,1711641600000,91.88,93.2,89.8,93.03,9808,89452602.0,0.0,15,91.55,0,2024-03-28 16:00:00
20240401,1711900800000,93.22,95.7,93.12,95.65,8662,82043073.00000001,0.0,15,93.03,0,2024-03-31 16:00:00
20240402,1711987200000,95.06,95.95,93.58,94.25,7441,70391908.0,0.0,15,95.64999999999999,0,2024-04-01 16:00:00
20240403,1712073600000,93.4,96.00000000000001,92.57000000000001,94.73,8572,80909755.0,0.0,15,94.25000000000001,0,2024-04-02 16:00:00
20240408,1712505600000,94.06,95.35000000000001,90.2,90.34,12667,117115530.0,0.0,15,94.73,0,2024-04-07 16:00:00
20240409,1712592000000,90.4,96.88000000000001,90.34,96.14,12953,121155996.0,0.0,15,90.34,0,2024-04-08 16:00:00
20240410,1712678400000,96.1,96.1,92.13,92.88,8610,80408970.0,0.0,15,96.14,0,2024-04-09 16:00:00
20240411,1712764800000,92.57000000000001,94.88000000000001,92.2,93.60000000000001,8558,80146092.99999999,0.0,15,92.88000000000001,0,2024-04-10 16:00:00
20240412,1712851200000,93.75,94.58,92.61,93.02,6363,59556493.0,0.0,15,93.6,0,2024-04-11 16:00:00
20240415,1713110400000,92.52000000000001,95.4,92.07000000000001,93.45,10221,95849201.00000001,0.0,15,93.02000000000001,0,2024-04-14 16:00:00
20240416,1713196800000,93.17,94.3,89.0,89.27,13550,122825191.0,0.0,15,93.45,0,2024-04-15 16:00:00
20240417,1713283200000,90.54,94.41,90.06,94.41,13281,123491002.0,0.0,15,89.27,0,2024-04-16 16:00:00
20240418,1713369600000,94.0,97.83000000000001,93.4,97.2,14030,135421757.0,0.0,15,94.41000000000001,0,2024-04-17 16:00:00
20240419,1713456000000,101.0,102.88000000000001,96.4,97.88000000000001,24722,244841172.0,0.0,15,97.2,0,2024-04-18 16:00:00
20240422,1713715200000,95.94999999999999,100.92,91.02,100.25,22761,219520520.0,0.0,15,97.88,0,2024-04-21 16:00:00
20240423,1713801600000,99.56,101.6,98.0,98.84,12466,123835748.0,0.0,15,100.25,0,2024-04-22 16:00:00
20240424,1713888000000,98.8,102.5,98.66,100.86,13589,137030277.0,0.0,15,98.84,0,2024-04-23 16:00:00
20240425,1713974400000,100.99,104.5,100.02,102.78999999999999,16157,166095959.0,0.0,15,100.86,0,2024-04-24 16:00:00
20240426,1714060800000,103.72000000000001,105.35000000000001,102.04,105.15,13821,144050977.0,0.0,15,102.79,0,2024-04-25 16:00:00
20240429,1714320000000,105.0,110.48,105.0,109.13,21665,235304458.0,0.0,15,105.15,0,2024-04-28 16:00:00
20240430,1714406400000,109.0,109.7,106.51,106.63000000000001,11981,128816233.0,0.0,15,109.13000000000001,0,2024-04-29 16:00:00
20240506,1714924800000,108.5,111.38,107.52,111.0,15988,175695900.0,0.0,15,106.63,0,2024-05-05 16:00:00
20240507,1715011200000,110.0,111.66,107.56,107.73,15335,167674199.0,0.0,15,111.0,0,2024-05-06 16:00:00
20240508,1715097600000,107.59,108.50000000000001,106.10000000000001,107.00000000000001,13968,149814991.0,0.0,15,107.73,0,2024-05-07 16:00:00
20240509,1715184000000,107.35000000000001,109.53,106.76,108.61,7868,85337334.0,0.0,15,107.0,0,2024-05-08 16:00:00
20240510,1715270400000,109.44,110.0,106.22,107.9,9477,101842778.99999999,0.0,15,108.61,0,2024-05-09 16:00:00
20240513,1715529600000,106.86,110.80000000000001,105.62,107.19,10310,111909085.0,0.0,15,107.9,0,2024-05-12 16:00:00
20240514,1715616000000,108.28999999999999,112.3,107.3,107.5,11245,122590546.00000001,0.0,15,107.19,0,2024-05-13 16:00:00
20240515,1715702400000,108.0,108.64999999999999,105.16,106.0,7549,80702941.99999999,0.0,15,107.5,0,2024-05-14 16:00:00
20240516,1715788800000,75.7,76.69,74.06,74.19,11224,84545178.00000001,0.0,15,75.7,0,2024-05-15 16:00:00
20240517,1715875200000,74.2,74.81,72.10000000000001,74.68,13544,99890705.0,0.0,15,74.19000000000001,0,2024-05-16 16:00:00
20240520,1716134400000,75.0,76.66,74.11,76.3,10601,80328287.0,0.0,15,74.67999999999999,0,2024-05-19 16:00:00
20240521,1716220800000,76.30000000000001,77.0,75.18,75.83000000000001,6283,47833057.0,0.0,15,76.30000000000001,0,2024-05-20 16:00:00
20240522,1716307200000,76.9,76.9,75.26,75.66000000000001,7128,54115093.0,0.0,15,75.83,0,2024-05-21 16:00:00
20240523,1716393600000,75.89000000000001,76.25000000000001,73.60000000000001,73.9,10529,78193870.0,0.0,15,75.66000000000001,0,2024-05-22 16:00:00
20240524,1716480000000,73.51,74.44,72.22,72.28999999999999,8031,58808656.00000001,0.0,15,73.9,0,2024-05-23 16:00:00
20240527,1716739200000,72.46,74.05,70.3,73.89999999999999,13013,93462444.99999999,0.0,15,72.28999999999999,0,2024-05-26 16:00:00
20240528,1716825600000,74.12,75.29,73.0,73.1,10660,78743959.00000001,0.0,15,73.9,0,2024-05-27 16:00:00
20240529,1716912000000,73.66,74.1,72.0,72.56,8808,64515492.99999999,0.0,15,73.1,0,2024-05-28 16:00:00
20240530,1716998400000,72.18,75.24000000000001,71.4,74.47,12954,95678764.0,0.0,15,72.56,0,2024-05-29 16:00:00
20240531,1717084800000,74.24000000000001,75.32000000000001,73.71000000000001,74.84,10123,75622608.00000001,0.0,15,74.47000000000001,0,2024-05-30 16:00:00
20240603,1717344000000,74.62,76.16,74.08,74.58,12580,94610318.0,0.0,15,74.84,0,2024-06-02 16:00:00
20240604,1717430400000,74.62,75.25000000000001,72.82000000000001,74.88000000000001,10669,78770189.0,0.0,15,74.58000000000001,0,2024-06-03 16:00:00
20240605,1717516800000,74.44,76.3,74.44,74.89999999999999,8505,64300215.0,0.0,15,74.88,0,2024-06-04 16:00:00
20240606,1717603200000,75.64,76.38,73.8,73.8,9493,71132438.0,0.0,15,74.89999999999999,0,2024-06-05 16:00:00
20240607,1717689600000,73.92,75.28,72.75,73.93,9365,69347285.00000001,0.0,15,73.8,0,2024-06-06 16:00:00
20240611,1718035200000,73.46000000000001,75.82000000000001,73.06,75.68,11743,87964941.0,0.0,15,73.93,0,2024-06-10 16:00:00
20240612,1718121600000,75.35000000000001,79.19000000000001,75.35000000000001,76.85000000000001,16375,126729602.0,0.0,15,75.68,0,2024-06-11 16:00:00
20240613,1718208000000,77.11000000000001,79.34,76.35000000000001,78.89000000000001,18388,144177202.0,0.0,15,76.85000000000001,0,2024-06-12 16:00:00
20240614,1718294400000,78.2,78.87,76.51,78.01,14276,110558958.99999999,0.0,15,78.89,0,2024-06-13 16:00:00
20240617,1718553600000,77.67,81.99000000000001,77.46000000000001,81.15,21636,174248682.0,0.0,15,78.01,0,2024-06-16 16:00:00
20240618,1718640000000,80.88,82.3,79.8,80.66,13339,108023052.00000001,0.0,15,81.14999999999999,0,2024-06-17 16:00:00
20240619,1718726400000,80.65,82.32,80.0,81.2,12968,105228896.0,0.0,15,80.66,0,2024-06-18 16:00:00
20240620,1718812800000,80.84,84.45,80.7,82.85000000000001,23511,195263277.0,0.0,15,81.2,0,2024-06-19 16:00:00
20240621,1718899200000,82.0,83.0,81.3,82.67,13988,115033472.0,0.0,15,82.85,0,2024-06-20 16:00:00
20240624,1719158400000,82.67,85.44,81.47,81.64,22790,190918039.0,0.0,15,82.67,0,2024-06-23 16:00:00
20240625,1719244800000,81.64,82.05000000000001,79.01,79.92,20731,165810651.0,0.0,15,81.64,0,2024-06-24 16:00:00
20240626,1719331200000,79.86999999999999,82.88,79.8,82.53,14884,121298416.0,0.0,15,79.92,0,2024-06-25 16:00:00
20240627,1719417600000,98.2,99.03999999999999,94.83,99.03999999999999,97054,947068102.0,0.0,15,82.53,0,2024-06-26 16:00:00
20240628,1719504000000,100.00000000000001,100.00000000000001,96.24000000000001,98.68,67963,666791861.0,0.0,15,99.04,0,2024-06-27 16:00:00
20240701,1719763200000,99.9,101.88,94.5,97.1,53618,523659624.00000006,0.0,15,98.68,0,2024-06-30 16:00:00
20240702,1719849600000,97.1,99.08,95.88,96.99,31361,305054968.0,0.0,15,97.1,0,2024-07-01 16:00:00
20240703,1719936000000,97.39,98.7,93.9,96.76,35413,341559156.0,0.0,15,96.99000000000001,0,2024-07-02 16:00:00
20240704,1720022400000,97.99000000000001,99.72,95.37,95.45,37444,365406150.0,0.0,15,96.76,0,2024-07-03 16:00:00
20240705,1720108800000,95.18,97.33000000000001,93.60000000000001,96.36000000000001,29417,280287338.0,0.0,15,95.45,0,2024-07-04 16:00:00
20240708,1720368000000,97.08,98.99,95.28,95.67,24883,241285419.0,0.0,15,96.36,0,2024-07-07 16:00:00
20240709,1720454400000,95.0,99.82,94.38,99.11,30890,303754269.0,0.0,15,95.67,0,2024-07-08 16:00:00
20240710,1720540800000,98.88000000000001,100.67,98.07000000000001,99.69000000000001,20963,208345801.0,0.0,15,99.11000000000001,0,2024-07-09 16:00:00
20240711,1720627200000,102.9,105.00000000000001,99.99000000000001,103.56,34752,355347182.0,0.0,15,99.69000000000001,0,2024-07-10 16:00:00
20240712,1720713600000,102.46000000000001,103.91000000000001,101.60000000000001,103.23,18377,189000869.0,0.0,15,103.56,0,2024-07-11 16:00:00
20240715,1720972800000,103.22,109.79,103.2,108.0,34939,376388186.0,0.0,15,103.23,0,2024-07-14 16:00:00
20240716,1721059200000,108.49000000000001,111.65,107.51,111.06,31173,344228411.00000006,0.0,15,108.0,0,2024-07-15 16:00:00
20240717,1721145600000,109.9,112.73,109.86,110.07,21683,240940108.0,0.0,15,111.06,0,2024-07-16 16:00:00
20240718,1721232000000,109.0,109.1,103.0,108.3,42307,449323983.0,0.0,15,110.07,0,2024-07-17 16:00:00
20240719,1721318400000,107.58,114.86,107.58,111.88,31375,351464243.0,0.0,15,108.3,0,2024-07-18 16:00:00
20240722,1721577600000,111.16,114.56,109.8,111.09,19013,212716881.99999997,0.0,15,111.88,0,2024-07-21 16:00:00
20240723,1721664000000,111.8,111.99,108.5,108.87,19047,210080748.0,0.0,15,111.09,0,2024-07-22 16:00:00
20240724,1721750400000,105.0,108.49000000000001,103.01,105.38000000000001,45045,474847119.0,0.0,15,108.87,0,2024-07-23 16:00:00
20240725,1721836800000,106.37,106.37,102.64,104.8,22005,228815978.0,0.0,15,105.38,0,2024-07-24 16:00:00
20240726,1721923200000,104.4,106.19,102.89,104.66,18636,194889019.00000003,0.0,15,104.8,0,2024-07-25 16:00:00
20240729,1722182400000,104.51,105.30000000000001,101.49000000000001,102.64000000000001,23271,239690186.00000003,0.0,15,104.66000000000001,0,2024-07-28 16:00:00
20240730,1722268800000,103.01,107.27,102.0,105.83,36084,379676987.00000006,0.0,15,102.64,0,2024-07-29 16:00:00
20240731,1722355200000,106.46000000000001,110.00000000000001,104.74000000000001,108.99000000000001,33613,365191725.0,0.0,15,105.83000000000001,0,2024-07-30 16:00:00
20240801,1722441600000,109.89999999999999,114.5,109.08,112.55,33014,369012206.0,0.0,15,108.99,0,2024-07-31 16:00:00
20240802,1722528000000,111.48,114.95,109.51,110.31,22833,255204929.00000003,0.0,15,112.55000000000001,0,2024-08-01 16:00:00
20240805,1722787200000,109.69999999999999,109.69999999999999,102.38,102.61999999999999,37206,391425082.0,0.0,15,110.31,0,2024-08-04 16:00:00
20240806,1722873600000,104.5,105.10000000000001,101.01,102.59,24075,245720599.0,0.0,15,102.62,0,2024-08-05 16:00:00
20240807,1722960000000,102.0,104.2,101.4,101.88000000000001,18265,187464994.0,0.0,15,102.59,0,2024-08-06 16:00:00
20240808,1723046400000,100.66,104.8,100.66,104.09,18059,186536028.0,0.0,15,101.88,0,2024-08-07 16:00:00
20240809,1723132800000,105.10000000000001,106.5,103.81,104.01,14253,149590336.0,0.0,15,104.09,0,2024-08-08 16:00:00
20240812,1723392000000,103.91000000000001,105.2,102.32000000000001,103.50000000000001,12797,132663536.0,0.0,15,104.01,0,2024-08-11 16:00:00
20240813,1723478400000,103.08,105.23,103.0,104.51,8428,87588587.00000001,0.0,15,103.5,0,2024-08-12 16:00:00
20240814,1723564800000,104.14,104.99000000000001,102.79,103.19000000000001,9011,93573000.0,0.0,15,104.51,0,2024-08-13 16:00:00
20240815,1723651200000,103.0,104.6,101.88,102.53,12113,125059659.0,0.0,15,103.19,0,2024-08-14 16:00:00
20240816,1723737600000,102.53000000000002,104.2,101.49000000000001,101.58000000000001,10669,109303252.0,0.0,15,102.53000000000002,0,2024-08-15 16:00:00
20240819,1723996800000,101.41,103.85,101.41,102.6,11753,121063336.0,0.0,15,101.58,0,2024-08-18 16:00:00
20240820,1724083200000,102.44000000000001,103.0,100.15,101.10000000000001,11795,119653663.0,0.0,15,102.60000000000001,0,2024-08-19 16:00:00
20240821,1724169600000,101.09,101.88000000000001,99.4,100.11,10507,105597436.0,0.0,15,101.10000000000001,0,2024-08-20 16:00:00
20240822,1724256000000,100.31,100.8,98.02,99.33999999999999,11135,110298515.0,0.0,15,100.11,0,2024-08-21 16:00:00
20240823,1724342400000,98.58,99.8,98.3,99.3,7493,74283253.0,0.0,15,99.34,0,2024-08-22 16:00:00
20240826,1724601600000,99.17,99.9,97.57000000000001,98.28,9119,89834729.0,0.0,15,99.30000000000001,0,2024-08-25 16:00:00
20240827,1724688000000,97.59,98.5,96.33,96.71,7352,71463610.0,0.0,15,98.28,0,2024-08-26 16:00:00
20240828,1724774400000,96.10000000000001,97.58000000000001,96.10000000000001,96.93,6435,62328104.99999999,0.0,15,96.71000000000001,0,2024-08-27 16:00:00
20240829,1724860800000,96.74,97.3,94.49,95.42999999999999,15090,144756626.00000003,0.0,15,96.92999999999999,0,2024-08-28 16:00:00
20240830,1724947200000,95.49000000000001,101.21000000000001,95.01,99.9,21969,218049204.0,0.0,15,95.43,0,2024-08-29 16:00:00
20240902,1725206400000,100.5,100.97,96.42,96.46000000000001,15444,151169926.0,0.0,15,99.9,0,2024-09-01 16:00:00
20240903,1725292800000,95.89000000000001,98.50000000000001,95.85000000000001,96.02000000000001,10273,99319316.0,0.0,15,96.46000000000001,0,2024-09-02 16:00:00
20240904,1725379200000,95.99,98.17,94.77,96.28,10012,96742836.0,0.0,15,96.02,0,2024-09-03 16:00:00
20240905,1725465600000,96.53,97.66,95.2,95.57000000000001,6852,65847404.0,0.0,15,96.28,0,2024-09-04 16:00:00
20240906,1725552000000,95.5,96.0,92.68,92.7,10982,103137576.00000001,0.0,15,95.57000000000001,0,2024-09-05 16:00:00
20240909,1725811200000,92.27,94.2,91.81,93.4,10979,102339640.00000001,0.0,15,92.7,0,2024-09-08 16:00:00
20240910,1725897600000,93.21,94.56,91.8,93.94,10930,101620094.0,0.0,15,93.39999999999999,0,2024-09-09 16:00:00
20240911,1725984000000,93.0,94.55000000000001,92.18,92.76,7441,69343246.0,0.0,15,93.94000000000001,0,2024-09-10 16:00:00
20240912,1726070400000,93.1,93.8,90.99,91.32,10429,95705034.0,0.0,15,92.75999999999999,0,2024-09-11 16:00:00
20240913,1726156800000,91.72,92.53,90.11,91.8,8595,78911289.0,0.0,15,91.32,0,2024-09-12 16:00:00
20240918,1726588800000,91.89,92.45,89.15,90.4,10521,95023018.0,0.0,15,91.80000000000001,0,2024-09-17 16:00:00
20240919,1726675200000,90.68,91.2,88.59,89.61,12215,109372001.0,0.0,15,90.4,0,2024-09-18 16:00:00
20240920,1726761600000,89.89,91.19,89.02,89.75999999999999,9818,88154645.0,0.0,15,89.61,0,2024-09-19 16:00:00
20240923,1727020800000,89.76,91.59,88.75,89.92,14106,126850927.0,0.0,15,89.76,0,2024-09-22 16:00:00
20240924,1727107200000,91.2,92.3,88.33,92.07,17011,154784570.0,0.0,15,89.92,0,2024-09-23 16:00:00
20240925,1727193600000,92.5,95.77000000000001,91.48,91.48,24976,234018608.0,0.0,15,92.07000000000001,0,2024-09-24 16:00:00
20240926,1727280000000,92.10000000000001,96.60000000000001,91.07000000000001,96.60000000000001,18875,177989035.0,0.0,15,91.48,0,2024-09-25 16:00:00
20240927,1727366400000,98.0,101.5,96.9,100.95,8610,85476816.0,0.0,15,96.60000000000001,0,2024-09-26 16:00:00
20240930,1727625600000,109.4,117.98,104.36,117.06,40723,454732394.0,0.0,15,100.95,0,2024-09-29 16:00:00
20241008,1728316800000,140.47,140.47,132.51,140.47,40498,561240675.0000001,0.0,15,117.05999999999999,0,2024-10-07 16:00:00
20241009,1728403200000,134.0,147.88,130.0,136.0,55367,769315197.9999999,0.0,15,140.47,0,2024-10-08 16:00:00
20241010,1728489600000,135.44,137.53,128.34,128.55,37328,494261967.00000006,0.0,15,136.0,0,2024-10-09 16:00:00
20241011,1728576000000,126.58000000000001,128.69,115.9,118.29,34427,415166967.0,0.0,15,128.55,0,2024-10-10 16:00:00
20241014,1728835200000,121.01,137.23000000000002,121.01,137.15,50446,649325735.0,0.0,15,118.29,0,2024-10-13 16:00:00
20241015,1728921600000,136.0,136.35,129.03,129.4,43432,577175268.9999999,0.0,15,137.15,0,2024-10-14 16:00:00
20241016,1729008000000,126.60000000000001,129.20000000000002,123.37,125.14,27174,341182120.0,0.0,15,129.4,0,2024-10-15 16:00:00
20241017,1729094400000,127.11999999999999,133.38,124.8,129.27,29846,386693839.99999994,0.0,15,125.14,0,2024-10-16 16:00:00
20241018,1729180800000,128.82000000000002,149.96,127.35000000000001,144.04000000000002,50668,708770635.0,0.0,15,129.27,0,2024-10-17 16:00:00
20241021,1729440000000,146.52,151.46,139.09,140.0,63103,908648203.9999999,0.0,15,144.04,0,2024-10-20 16:00:00
20241022,1729526400000,139.0,139.57,134.0,136.3,36074,493332030.0,0.0,15,140.0,0,2024-10-21 16:00:00
20241023,1729612800000,135.0,136.26,131.0,132.25,30106,403491117.0,0.0,15,136.3,0,2024-10-22 16:00:00
20241024,1729699200000,134.0,138.5,133.51,134.7,40364,549152098.0,0.0,15,132.25,0,2024-10-23 16:00:00
20241025,1729785600000,134.71,135.94,128.84,131.81,36055,473469527.0,0.0,15,134.70000000000002,0,2024-10-24 16:00:00
20241028,1730044800000,130.49,132.3,129.12,130.12,24443,318956335.0,0.0,15,131.81,0,2024-10-27 16:00:00
20241029,1730131200000,131.0,133.15,127.81,128.02,26419,343141795.0,0.0,15,130.12,0,2024-10-28 16:00:00
20241030,1730217600000,127.02000000000001,128.31,123.9,125.67,25662,323161909.0,0.0,15,128.02,0,2024-10-29 16:00:00
20241031,1730304000000,124.97,127.9,123.42,126.2,26275,329697666.0,0.0,15,125.67,0,2024-10-30 16:00:00
20241101,1730390400000,125.0,125.09,120.87,121.01,26929,330609950.00000006,0.0,15,126.2,0,2024-10-31 16:00:00
20241104,1730649600000,121.5,123.5,120.69,123.0,20136,246585976.0,0.0,15,121.00999999999999,0,2024-11-03 16:00:00
20241105,1730736000000,122.06,131.36,121.75,129.4,39297,502958283.0,0.0,15,123.0,0,2024-11-04 16:00:00
20241106,1730822400000,130.65,131.88,127.0,127.95,28518,369249134.0,0.0,15,129.4,0,2024-11-05 16:00:00
20241107,1730908800000,126.61,130.79,126.12,129.45000000000002,24688,316962623.0,0.0,15,127.95,0,2024-11-06 16:00:00
20241108,1730995200000,130.98999999999998,135.0,130.45,131.25,37053,490226704.00000006,0.0,15,129.45,0,2024-11-07 16:00:00
20241111,1731254400000,130.5,136.69,130.12,135.5,37952,509623671.99999994,0.0,15,131.25,0,2024-11-10 16:00:00
20241112,1731340800000,136.98999999999998,136.98999999999998,131.51,132.89999999999998,35068,466758707.0,0.0,15,135.5,0,2024-11-11 16:00:00
20241113,1731427200000,132.0,132.89999999999998,128.01,132.7,25529,332779697.0,0.0,15,132.89999999999998,0,2024-11-12 16:00:00
20241114,1731513600000,132.04,133.74,127.01,127.28,19471,254297222.00000003,0.0,15,132.70000000000002,0,2024-11-13 16:00:00
20241115,1731600000000,127.31,131.09,124.02,124.03,20256,258247604.00000003,0.0,15,127.28,0,2024-11-14 16:00:00
20241118,1731859200000,124.0,125.79,118.7,119.88000000000001,24575,300631645.0,0.0,15,124.03,0,2024-11-17 16:00:00
20241119,1731945600000,120.04,123.5,119.0,123.14,16475,199402208.0,0.0,15,119.88,0,2024-11-18 16:00:00
20241120,1732032000000,122.5,124.0,121.01,122.84,13239,162250342.00000003,0.0,15,123.14,0,2024-11-19 16:00:00
20241121,1732118400000,123.99000000000001,135.0,123.49000000000001,130.79000000000002,44308,579855263.0,0.0,15,122.84,0,2024-11-20 16:00:00
20241122,1732204800000,131.67,144.8,129.5,133.25,64194,884081368.0000001,0.0,15,130.79,0,2024-11-21 16:00:00
20241125,1732464000000,135.15,139.0,128.4,132.1,44224,588779920.0,0.0,15,133.25,0,2024-11-24 16:00:00
20241126,1732550400000,131.44,143.9,131.25,138.3,47652,668116984.0,0.0,15,132.1,0,2024-11-25 16:00:00
20241127,1732636800000,135.68,146.11,134.3,145.20000000000002,51105,722380327.0,0.0,15,138.3,0,2024-11-26 16:00:00
20241128,1732723200000,145.54999999999998,155.31,142.1,151.01999999999998,54811,821731466.0,0.0,15,145.2,0,2024-11-27 16:00:00
20241129,1732809600000,149.98999999999998,153.78,147.1,150.4,39185,587094026.0,0.0,15,151.01999999999998,0,2024-11-28 16:00:00
20241202,1733068800000,149.51,151.66,146.5,147.49,30893,458873210.00000006,0.0,15,150.4,0,2024-12-01 16:00:00
20241203,1733155200000,145.5,147.73,139.66,141.72,35855,510294826.00000006,0.0,15,147.49,0,2024-12-02 16:00:00
20241204,1733241600000,142.88,143.4,135.5,136.89,27502,380908622.0,0.0,15,141.72,0,2024-12-03 16:00:00
20241205,1733328000000,135.85,140.97,135.5,140.09,21042,292091135.00000006,0.0,15,136.89,0,2024-12-04 16:00:00
20241206,1733414400000,139.5,143.96,137.41,143.42,27126,381441733.99999994,0.0,15,140.09,0,2024-12-05 16:00:00
20241209,1733673600000,142.5,150.75,141.6,148.47,39252,579621820.0,0.0,15,143.42,0,2024-12-08 16:00:00
20241210,1733760000000,157.5,178.16,153.0,178.16,82848,1380304028.0,0.0,15,148.47,0,2024-12-09 16:00:00
20241211,1733846400000,188.0,213.79,187.16,213.79,137136,2799142801.0,0.0,15,178.16,0,2024-12-10 16:00:00
20241212,1733932800000,224.47000000000003,224.47000000000003,195.05,213.74,156834,3253302827.0000005,0.0,15,213.79000000000002,0,2024-12-11 16:00:00
20241213,1734019200000,206.0,234.0,206.0,215.42,126262,2826184500.0,0.0,15,213.74,0,2024-12-12 16:00:00
20241216,1734278400000,214.77,215.0,193.81,196.94,109964,2228798538.0000005,0.0,15,215.42000000000002,0,2024-12-15 16:00:00
20241217,1734364800000,197.11,206.85000000000002,188.99,199.42000000000002,83883,1648311232.0,0.0,15,196.94,0,2024-12-16 16:00:00
20241218,1734451200000,199.0,223.0,188.0,214.9,106688,2184205069.0000005,0.0,15,199.42,0,2024-12-17 16:00:00
20241219,1734537600000,206.0,236.86,199.13,224.66,111394,2382014372.0,0.0,15,214.9,0,2024-12-18 16:00:00
20241220,1734624000000,228.0,269.59,224.66,265.0,123216,3078685118.0,0.0,15,224.66,0,2024-12-19 16:00:00
20241223,1734883200000,259.97,259.97,235.5,237.8,88035,2151220095.0,0.0,15,265.0,0,2024-12-22 16:00:00
20241224,1734969600000,240.98,244.0,229.88,239.0,71386,1696497973.0,0.0,15,237.79999999999998,0,2024-12-23 16:00:00
20241225,1735056000000,234.0,237.1,224.6,233.0,56952,1314714206.0,0.0,15,239.0,0,2024-12-24 16:00:00
20241226,1735142400000,232.79999999999998,252.55,229.38,243.0,76558,1845722889.0000002,0.0,15,233.0,0,2024-12-25 16:00:00
20241227,1735228800000,238.0,251.0,233.61,235.0,63807,1535936259.0,0.0,15,243.0,0,2024-12-26 16:00:00
20241230,1735488000000,228.3,236.2,222.22,222.88,66902,1529664098.0,0.0,15,235.0,0,2024-12-29 16:00:00
20241231,1735574400000,223.07,226.0,216.88,218.0,51692,1139340225.0,0.0,15,222.88,0,2024-12-30 16:00:00
